4051 2904 3511 3846 4693 750 4852 4309 4099 1373 372 2672 4628 554 2451 2728 3856 3401 4029 2292
3148 2286 3998 3156 2370 3888 1014 4656 825 3554 658 2776 3902 4389 982 2046 3782 4664 3730 1424
3162 4062 1757 670 385 2509 2354 3760 1598 4175 3998 4509 2811 4796 3846 1934 2951 2751 1722 2084
2612 2729 1076 2657 2528 99 4617 1996 315 4553 1870 3882 1355 2659 1792 1294 1354 2686 2713 1812
2136 3419 740 2497 40 1386 4457 2286 3829 3483 1386 3606 4089 4581 199 2629 1787 2089 1796 646
4477 708 2808 245 4528 4874 883 2278 3005 918 3887 4804 379 1438 2445 381 3116 2845 2531 3383
1597 2032 3514 3972 382 246 491 493 356 1354 110 4800 2223 3608 4723 64 3268 4528 68 4913
3694 1316 2664 4929 981 2865 3000 2451 1787 695 4900 4511 1442 4000 2465 4508 3089 4844 1545 477
2286 568 2058 1664 3926 834 2512 245 145 1913 4376 3694 2740 351 3189 3521 1575 1226 1997 173
838 668 3798 2147 243 720 3234 3588 973 114 3322 1787 4086 31 2720 1461 1924 359 3961 3054
4452 3628 2305 4637 4727 417 3144 2608 1381 4511 4097 1040 4871 3240 2304 3575 4582 4763 2612 4669
2973 441 1351 2281 2821 2231 315 3189 4883 3048 2760 1977 4356 2084 2963 378 2255 1413 646 409
989 1608 3039 4137 1641 2556 737 2375 780 4900 96 1188 4346 245 356 1883 4637 4475 976 753
3349 3984 1942 3540 4332 2318 2465 1431 4484 3981 1613 1607 999 1740 670 385 4614 3918 4432 4838
1858 4443 986 4855 1822 233 984 734 3798 3315 4433 687 3727 356 390 3926 450 390 4763 1086
173 2000 4472 2465 4684 768 1354 2777 4766 2943 4538 3047 4961 992 3630 2204 4392 454 2371 678
2882 2263 2393 1124 4552 825 2058 4416 4900 4809 2236 4071 2512 1167 661 385 3078 1271 2372 1077
4293 2728 4317 2278 4000 1612 1113 1077 4832 3768 4631 3158 3786 1434 4499 238 1737 2068 3607 896
3694 1989 3634 4550 1866 695 4645 2851 1973 3887 2151 3887 3241 2012 1814 3150 40 2359 306 2265
2120 130 3887 3130 2829 2696 3699 2545 4371 87 4703 4714 2772 2289 491 3342 4271 4695 2820 180
556 4362 3744 314 1711 3502 2591 2009 1971 1615 636 1647 153 299 2403 3767 2370 315 3405 3439
2610 823 780 4900 2359 563 728 4855 2234 3786 2126 2286 2644 2136 594 2974 4861 1933 728 3312
3730 2854 3080 4458 4100 3416 2790 752 4342 1646 3099 385 3039 4175 2438 3292 3169 710 1582 3166
867 1414 3607 3291 3481 417 889 335 946 135 3682 4724 3020 3429 670 1271 4037 4847 1431 2789
4079 3847 677 2 3948 2520 310 4127 3494 4852 3380 3344 1109 3367 1703 3887 820 3221 2359 3874
1059 2789 3694 4770 1989 2650 882 165 3460 2189 2523 1598 1740 3584 1839 3072 3344 1858 2926 3013
3523 3523 3067 503 506 4809 3786 523 4564 775 3560 4127 1997 291 4406 4514 3164 1838 3547 40
1834 2123 586 4015 4681 2657 4518 3502 3607 3628 3164 4990 4688 3344 832 3285 4480 4103 1753 2789
584 774 2128 1837 2370 4889 87 1725 2846 1722 4342 1431 3887 2575 730 3089 152 4564 4432 1124
4208 8 40 4435 1282 3617 4097 4686 1955 3313 512 2372 1975 3723 1333 743 2832 3735 4998 372
4998 683 4101 305 1200 4508 4538 3879 1252 4190 1236 4574 3866 1108 438 133 3981 3340 2652 4022
3236 3633 4582 2846 4756 3166 1566 3417 650 409 3948 1547 4241 446 365 1345 1847 1266 758 4985
3607 3981 2274 493 2186 867 2553 331 3042 1008 2283 1221 1242 1306 2782 795 4626 1813 293 1848
1966 3989 1576 2544 2000 2948 2000 4055 3249 2068 1711 4710 3564 3600 2728 2557 1376 3584 4367 1319
809 1210 884 1040 1162 4908 719 2978 2759 1323 4827 2631 4210 246 3134 915 3156 3241 4435 186
2402 1550 2644 4723 2130 2559 2884 4632 3607 1784 276 4656 417 2352 1211 3733 2978 3835 1038 939
2227 1758 378 4055 2729 4000 2325 1409 2650 666 3611 3233 1487 1814 1019 3697 597 210 3123 139
1438 3692 2904 4027 245 3303 838 3874 3098 4654 1465 3540 433 2985 2371 335 3928 2445 4539 3476
1588 3468 2966 4486 4441 4175 809 2909 2452 1516 4805 3380 2013 1396 1619 4678 165 1161 1279 2612
4243 1323 3662 1117 687 2640 2737 1290 2564 314 3743 618 2278 2926 66 2454 1403 1648 4326 4852
2209 4538 372 1104 1548 2922 2472 1722 1814 2402 4956 2644 447 3967 1594 394 4860 2081 3887 1710
2954 2806 492 682 1611 2541 2171 2884 1850 4220 4898 3815 823 3560 4281 1065 138 140 1237 4403
3503 4394 1446 889 981 3904 3846 1168 2878 2023 86 4290 1516 3394 4231 4735 2205 1215 2375 2910
2473 3502 2212 3256 4332 1740 4207 4608 3863 4054 1852 4450 2806 4302 795 825 4010 2969 4602 4403
1051 3730 2926 1356 4127 4055 491 1274 1152 3993 1429 2920 1088 3580 1692 4538 4084 2191 4207 4912
3676 2427 1645 989 2911 1681 4342 2685 1750 372 4766 3596 2160 3611 1785 1435 2601 4151 4151 1169
1059 1914 1769 1652 1248 3433 4519 1065 2915 646 3476 4640 631 139 2469 2012 3502 416 1664 1575
4674 1082 773 661 1837 2970 2014 2597 743 2661 1461 2067 4347 882 3057 4103 3961 333 1154 2139
3005 4538 4068 4518 4273 2213 163 4342 1613 14 3961 1040 4198 2534 1197 2862 3706 12 2855 2811
2971 3231 684 2968 1795 2465 1575 3634 552 4846 4152 2762 2038 4163 3621 2263 1655 4152 645 2172
1059 4666 3182 3430 3451 477 362 3173 3672 2610 4714 2661 2921 48 4571 1918 4610 4037 2624 1598
3730 2463 2436 2702 1981 1968 4917 2656 1903 2302 3502 2644 2474 1854 2669 1150 2730 1825 3120 3285
829 3160 1097 4098 1223 1834 4163 829 4765 1050 4571 1787 4037 2523 775 3523 3416 2454 2945 2893
4175 1290 4484 1785 1757 680 1631 780 728 3146 2402 40 1184 2205 2943 3285 2259 96 1771 3503
2657 475 896 1545 2320 2716 1150 1686 173 3962 1766 40 4918 4726 3770 2719 4322 404 4915 1703
3739 4347 2771 2530 4531 3773 1085 4464 4101 4594 1400 4763 4027 2961 3166 783 3072 3305 3285 3874
3918 2728 4540 829 4723 753 1866 1414 1597 3514 4964 1413 3285 1166 1099 3662 1545 2571 2010 2657
584 2610 4232 841 365 1413 2264 4004 1006 3214 3683 4832 3984 1650 2359 3601 2278 196 508 1324
4477 1728 218 2278 4998 3610 485 4908 3811 2352 223 2657 4243 4338 1266 2736 3978 4556 2362 1855
4992 3200 4998 3982 4727 1784 1750 3391 3940 4245 1172 2371 1919 4152 2854 276 3144 1107 4311 3216
2452 480 1972 3020 3035 2938 2284 3056 2102 1884 1985 2728 2676 2657 3731 2705 2808 4392 2013 4844
4998 3694 135 2558 4332 1019 3221 679 2085 40 40 390 40 40 440 2435 3540 3265 3952 4817
1972 2479 2237 1416 1793 278 1339 3801 526 2951 3072 4809 1180 1311 2357 1566 3134 4763 264 2550
111 2286 665 1354 4855 2375 2715 3921 1216 2198 2286 3829 2544 1870 1085 756 1020 1524 2523 1528
4175 169 1111 4051 4739 678 1119 2343 471 3773 4881 3739 3540 1622 4175 394 4577 3159 250 2011
2845 2192 448 4572 1902 3648 3043 1573 502 4526 611 1459 2520 356 3926 2012 1098 198 3007 480
3256 1442 1745 2644 4538 1664 2263 4782 781 670 3976 3770 2821 4323 3117 2740 1236 2013 1098 2370
2560 3236 825 728 828 2728 2211 3765 1099 2612 2358 2379 783 2148 1174 642 224 1638 2731 3477
3284 4896 4364 2463 3775 468 4954 719 3256 2207 4504 1823 1121 2328 4244 2375 1338 2454 1156 3509
3814 2704 4329 3519 4998 3507 4037 2956 4062 2289 3596 3754 677 4175 3597 1466 741 4768 4855 2375
3154 163 2727 3687 2370 162 4852 2465 4103 3195 4715 502 3505 4020 2254 1230 2350 3803 2922 1989
1317 3015 832 1576 3874 130 730 2941 3069 1756 2489 2891 2713 787 3236 491 356 725 4809 2769
3416 466 4407 25 480 4096 1085 4383 2764 1287 417 1381 677 799 3350 2560 4572 2963 3231 2286
2855 23 4956 488 1994 1211 1736 2633 4874 2160 1758 245 3382 2691 954 76 2059 4593 4571 2644
3148 976 3168 3211 2624 1073 306 819 2436 2141 3009 4196 738 3782 2889 830 2352 81 3452 3672
4175 4660 2414 257 4896 4009 2789 1874 2010 2578 3123 408 3121 1005 84 2084 372 2338 3951 1629
1622 4293 3083 3835 2713 4526 2350 2042 2940 4127 2381 1068 4273 1769 1617 4993 730 2135 923 731
1972 2789 1792 1528 3696 454 4491 3204 379 3739 3775 4913 1465 356 2286 4086 551 3222 4460 3043
4549 3643 4454 976 3388 3065 4673 1870 3514 2117 1850 3278 1902 2748 1946 3367 1469 3285 2992 2118
1323 4827 503 3200 4695 1970 3116 999 976 2139 2713 438 381 682 586 276 861 2375 1515 2657
1753 2570 1533 378 3757 2610 2184 2372 2444 3197 3998 1754 1896 1709 2486 2311 3335 3099 4152 2760
3694 3550 2817 3858 2956 378 1611 3866 2274 3681 2601 2290 1327 3072 1276 3285 3033 1465 646 526
137 1823 1353 2076 480 1519 138 3470 3785 2521 4855 1194 4717 4664 4510 500 2425 4383 97 3211
1598 2139 1096 2212 1972 1275 4905 3666 3879 2205 3081 1371 385 1753 4477 3948 4876 3733 586 2435
3981 687 4245 1475 556 1986 4166 2951 3473 4930 669 2414 3303 2523 3380 2696 4990 2494 3206 3349
163 4163 715 2170 1019 4271 363 409 4832 3781 1524 3668 3528 4275 708 708 245 1508 3200 719
3575 1854 3285 3874 3324 3455 1562 506 2961 4809 3216 790 324 2263 2106 731 825 3695 849 1184
689 4144 1778 3383 1226 3380 745 3150 2610 1287 417 4457 2015 1994 3824 825 3945 503 2623 3200
2657 2375 4098 4200 4484 687 2969 1664 3158 2834 2359 2961 4908 360 4656 4571 3120 1676 4929 3881
1597 4893 3644 3286 1226 413 4282 2032 1514 1193 2939 589 4323 3198 409 1226 1656 1545 3075 1617
3918 2227 926 3324 3611 3231 3765 4091 4128 3310 3145 3416 354 2790 4529 3491 1096 2298 3234 4952
2231 4074 315 4909 2368 2612 1762 674 731 2280 2978 2744 4103 3153 4809 1960 4896 4008 442 2865
2289 4906 2789 185 2467 1692 1800 4076 468 3887 734 3309 2652 552 2890 1664 4241 1946 655 2821
829 480 4346 1797 3200 417 1416 2533 2777 2072 1787 4900 810 3115 871 333 2203 4314 2652 276
3166 1605 1092 901 4197 2807 1096 3069 4345 81 1179 2483 3887 4029 2894 2256 3926 442 2361 3882
1827 3430 372 2370 652 4676 3261 1431 1168 4464 2168 2061 2736 4674 752 1438 3702 4323 491 4286
3918 1977 1823 3222 417 3414 668 2469 3829 399 1376 968 3125 3826 2760 4037 3504 1290 1545 247
1972 508 864 2084 2491 333 4919 1805 1671 2729 4125 4538 1664 2032 118 3939 1032 417 417 2941
3918 4380 833 2514 4292 4586 1817 954 719 552 4743 279 4364 780 4595 4725 404 4695 3984 4320
1150 1210 3164 1528 4271 734 3076 4674 1522 4491 838 4444 668 2760 2531 1287 3811 288 4127 1772
2610 4973 4101 1204 1139 4883 3540 4272 3948 1339 2108 1459 939 1569 4341 4034 2084 2531 3827 2588
752 3530 1462 640 2436 4987 996 4423 3238 3303 1549 922 1139 2127 3256 1339 4127 2631 1020 3067
441 4435 4435 4371 2985 1688 4289 1994 2982 2708 1252 4855 4055 1742 3469 4703 4758 1090 1333 2729
1264 3548 1272 3605 4362 1894 2696 3285 1173 3241 4399 687 1309 1946 111 3972 4530 4362 2599 769
3094 3234 1579 3602 838 2234 1671 492 2402 2608 1870 3178 1038 1866 1210 3834 1314 2790 1298 71
1972 1605 1488 4208 3948 2957 2797 3402 3566 40 221 1958 169 2452 4538 235 3120 2139 119 1328
2976 1333 1182 1614 2329 1343 1533 154 3874 2720 2615 2348 3984 1107 787 3309 297 2644 1815 599
1439 1629 648 687 4511 433 2770 1888 858 2113 837 2435 2041 3189 2136 86 3918 1548 4326 2711
52 1459 4660 3993 2148 4100 1620 3874 2710 2347 3592 1793 3020 794 396 3851 3118 2941 2713 661
3866 2858 3643 3668 321 4479 1916 4071 4036 728 4152 2106 2970 2890 1664 2352 805 4695 1143 173
2887 3231 636 2 2278 491 1088 2185 409 716 2079 65 2010 1514 4623 3514 1182 510 372 2223
4477 3956 1049 93 650 3927 1919 360 136 2951 3089 4519 433 4976 753 4686 1884 799 1092 2436
2782 2361 695 1431 105 4194 3070 3384 2940 3745 2762 4020 2922 2635 1870 3057 3094 283 3306 4567
1360 2545 352 3926 881 38 640 1868 378 1057 1237 2416 3502 4642 769 1645 4215 312 3284 764
137 1769 3807 2922 2985 871 670 4596 4292 818 1892 1099 963 4774 4332 4332 881 1104 491 381
247 4877 1114 1302 4429 687 550 1465 548 2987 938 2139 1088 4898 912 4682 3913 2831 1787 2148
4763 2370 912 855 880 4099 4346 2594 1866 3918 1591 396 2729 2054 1465 1104 2729 295 2278 40
4332 598 3683 3888 3682 4797 250 2846 2729 2789 3945 3874 3608 2791 1569 1209 1263 3456 2951 2872
3676 825 1757 642 441 2728 2978 551 121 2139 4272 51 4383 1040 3548 4844 1781 911 197 3356
2861 4844 140 2090 3836 866 3120 3236 199 4754 2729 3984 3739 4175 830 3144 4908 237 2370 2
4319 2123 3727 2374 2894 3112 4065 2205 2943 1711 4976 4783 1761 3938 2939 3948 2693 3254 3783 1510
2108 4890 3994 3041 1419 2640 3414 395 4451 4210 2375 3708 2720 3250 4277 1073 2452 4099 4318 4792
3842 120 4447 3879 4350 4017 3694 3786 4513 1698 4582 3166 1529 165 4051 4565 1253 825 1839 795
137 4586 3513 218 670 385 3752 1386 4855 90 1323 2209 2916 3984 2626 4068 3285 3984 4567 658
743 2205 3978 2343 4736 3099 4876 1977 4127 2631 1481 2008 1257 3254 1550 4401 4033 15 3521 276
712 506 521 3852 1561 761 2436 3984 2657 3460 4626 3981 1664 780 1111 4893 3896 4403 2517 4857
720 1154 2576 2232 1596 1888 4804 2750 385 1919 1192 2205 352 1972 4543 2222 4152 2402 40 663
2610 1436 3284 378 4668 2502 3942 1624 646 2940 1989 2465 3267 4832 2661 754 4243 3167 838 4037
3349 4895 2951 29 3395 3738 1597 4681 3918 2479 818 589 2760 2578 2066 4838 2865 1787 4538 728
4130 1152 2090 1785 4581 4729 3225 4195 1691 356 1522 399 1069 2123 3738 3915 2509 4426 837 597
3694 1972 2611 4972 48 1125 2200 2263 3295 304 3041 3178 198 247 4908 4078 1769 1638 4519 4190
3534 1814 3234 1794 4571 1598 1709 347 24 1386 3921 1732 4327 438 3303 3484 1040 3390 1450 4758
4152 3781 1293 3656 715 2154 4524 449 3984 90 2558 4013 609 378 3730 3267 764 4992 3075 761
508 4616 712 2657 1698 1972 1742 3618 4900 4526 3151 934 1410 1761 2272 4538 4765 1731 877 1319
1613 2728 4758 3525 4478 2343 491 169 4332 2278 4496 2102 1623 4055 1462 2649 2889 1086 3463 3612
1552 3095 825 745 4021 307 185 2005 3521 552 40 1085 774 863 237 1605 3896 1177 4975 11
163 1929 2845 2758 4736 974 2985 2079 3171 1784 4003 1897 3121 696 2740 2511 635 2550 3984 1775
838 838 2166 1814 315 3791 4832 1688 1924 1525 1226 705 4031 1466 162 2391 1961 4488 1627 3216
1230 1686 1613 4081 1972 4571 1960 3365 4197 3907 2500 2465 3676 4777 480 3984 3540 1533 4373 3337
3775 2 31 2359 3285 3984 2821 4334 728 2254 2278 2919 4323 3075 1598 2139 2789 571 1533 4127
4495 163 3200 3730 3099 3416 3099 4700 4458 4033 1671 2357 935 4458 4855 2519 1978 3601 4120 4537
4175 367 2278 18 944 3948 4541 4673 4942 479 4311 1278 1055 3920 2851 268 2708 2068 1438 321
584 2008 3857 2349 3523 621 2821 2523 1598 945 3166 2281 3613 2500 1930 4662 3590 2639 351 4163
3148 4756 2092 586 340 4317 119 3590 4347 2711 4686 778 4572 1783 105 2281 1914 3185 3229 3682
2035 4855 2557 2370 3069 4108 4175 3158 378 3013 15 184 4024 218 186 841 1792 2672 3481 4407
4124 2560 1334 800 291 1313 670 4677 3285 4664 1795 48 783 392 3888 3164 4773 2927 4964 1707
4477 2231 4175 1290 2644 4333 15 4699 2832 3822 4377 3550 2940 2278 2919 3116 3564 1560 598 176
2263 1287 677 1838 1529 4908 2656 2416 4358 3666 1152 4643 3119 2370 4934 491 3550 1985 1419 2359
3694 4127 1072 3514 3382 2978 640 4421 791 2054 647 4508 1236 4259 363 3142 2891 825 1994 585
1893 3067 938 3676 1568 4706 1670 2851 2657 2286 1548 3835 3134 1070 4342 3238 3984 4792 2465 4158
829 882 3874 9 1290 2472 2531 4353 3178 2802 4939 399 2278 3887 4037 2652 4101 1450 1309 2693
624 1757 4101 2108 879 1428 3285 3737 3912 2286 1035 3048 1853 3464 1790 2472 3994 4816 2867 4540
4081 3874 3829 4632 2978 3887 752 3120 2374 2916 390 40 2018 1835 4168 506 2436 2512 4336 3874
315 518 1152 2208 2642 3694 1244 1795 130 4031 2263 2644 4241 3913 1756 3204 1870 1267 1098 2771
3846 1850 4849 226 3207 3158 2205 4367 2692 4433 3202 683 3157 4359 900 2941 3940 4152 1850 371
4234 2402 3335 867 4855 2401 2945 1681 1788 990 372 3350 4895 3344 3236 2149 2922 4361 163 3887
838 1634 4241 2657 1865 3502 2278 348 2382 3081 962 40 4088 3096 1596 3009 2469 938 1839 2252
4347 3249 2922 3738 2061 2983 3624 2087 1536 3874 2720 1785 3786 4775 3876 2342 119 2196 3695 480
2947 1306 3416 3920 3027 2403 3358 480 146 1996 1154 2941 1173 4985 4197 2760 3067 3240 2802 1139
2298 2902 4538 2213 1925 693 3275 988 4048 489 3940 624 3502 2544 2403 1972 1376 677 2315 2728
3200 640 1299 38 2629 1596 1795 3301 646 1339 3234 332 3017 1246 4809 2890 2179 1800 721 999
2108 3523 1585 1154 861 2202 2090 4538 634 1548 4458 1701 1898 2951 3930 3889 3501 1671 3285 3783
1597 3222 4735 3874 2821 1261 2941 1647 4103 2465 4203 2202 3428 3099 333 4538 738 1815 813 4504
448 4064 4716 119 545 4481 2531 1309 831 876 2237 2548 3902 4051 2693 1555 4538 1184 2644 3521
4152 250 1393 4543 2176 691 1785 4570 279 2492 1650 4373 2866 1465 795 2191 4136 2970 1073 1595
351 3874 344 644 3852 503 719 3150 3401 313 3917 1770 473 3846 713 3730 2685 4163 2368 4723
3166 3676 2680 882 1858 4147 4976 882 3874 719 1361 799 3350 3984 3285 3039 556 1575 589 2602
2068 109 820 4478 3976 3166 2214 3158 4264 2571 2015 3661 1943 3844 2947 135 173 2143 881 992
695 3981 3285 173 3256 2450 3887 3583 4362 2729 437 3285 1023 1096 2823 4686 3561 3699 3721 4091
4489 1951 4067 4418 4828 1117 3044 841 319 1124 2657 3075 1413 2482 417 4000 2865 15 4307 3982
4089 4743 823 245 3303 3945 3930 3481 3286 3874 3469 4224 4109 745 154 4202 3889 3781 1266 994
4637 2415 1698 1130 33 40 1260 4768 1125 2375 396 4913 111 1717 4240 2167 810 2463 1972 2084
1438 2081 1598 245 3166 1508 2089 4090 4885 741 2402 4163 4325 2528 1474 433 226 2119 682 278
4998 4043 3075 3234 2622 4181 2109 2368 4008 4861 4318 1966 976 1918 2941 2922 3866 2644 1245 3981
3236 163 1177 4942 4988 1162 185 2688 71 3811 424 361 4326 799 2626 841 4325 3280 1897 129
838 1836 3846 1994 1870 4538 2685 218 1108 3981 3309 3338 1339 682 278 734 653 2855 4275 3765
4477 823 4630 2467 4110 4294 1136 3144 4417 2672 4518 2278 2676 1143 379 209 734 1415 293 4058
4495 3838 719 4540 3668 696 4894 4099 4135 3852 525 721 1254 1409 4518 3850 4483 2333 2278 3746
4998 1154 2910 4973 3940 4455 2894 106 2709 112 689 1261 1598 276 4528 3607 3607 3656 285 1447
4518 647 173 3739 4596 1645 4838 337 776 841 523 825 2461 331 2517 2728 1104 3277 4511 938
4152 3781 4619 2013 2686 4671 40 3523 247 3761 2371 3918 1545 2920 4551 3832 4215 2 3981 3285
2146 3490 712 3619 2663 1459 306 423 4908 3189 1597 2084 2971 4107 40 3007 2970 1888 2894 4973
3416 2729 1171 2106 245 2629 3358 4076 720 3657 1290 2732 4632 378 3267 3098 3948 440 4014 2148
4383 1091 624 1575 2483 1222 1117 3241 356 3666 2644 4117 1247 4279 2582 2760 3849 1972 4484 1160
592 1438 1089 521 1268 661 2656 719 673 3170 2068 4136 2306 1783 2557 1438 2263 245 3732 1989
292 4895 4852 4855 27 3315 4102 4626 3029 4716 1647 607 1355 1403 245 3643 3350 15 4886 3427
4452 1091 2401 1597 2888 3267 928 4116 3213 2169 1109 3940 1757 2463 3782 278 4844 4581 4238 2445
2657 2005 780 1838 2265 696 832 938 1329 646 2911 4564 325 4419 4727 2502 4362 3341 96 2378
3879 4041 4585 4883 4037 2526 3140 3514 3315 1138 4830 135 2711 59 183 2961 4180 3926 106 4276
2101 845 3227 244 4320 2737 764 1717 2223 2826 3574 1682 3236 2045 3218 2278 2770 2672 4817 4812
3676 176 559 783 4126 4389 4359 2693 1038 4985 2688 1309 3863 4844 1813 2658 2263 4371 2306 4341
2013 188 2786 3731 4656 4502 2285 259 4730 4105 2679 717 4156 2375 40 396 1897 4181 449 384
4477 480 3372 2985 2370 315 1418 3887 3714 1858 731 1787 1290 1989 314 823 4037 3020 2278 2126
3067 2610 624 4607 4508 4273 645 823 4423 3783 4689 3887 4432 1703 3949 2370 396 3358 2191 646
2165 4832 1272 882 4545 3383 1252 4855 1453 1465 4417 1446 971 1091 2361 1322 4015 3267 4 2349
4998 1946 3608 3688 1184 1209 4065 1933 4526 4727 668 3608 1501 1211 322 3669 2171 3789 555 3914
2207 1753 1994 1702 3637 3869 2065 3874 2865 245 707 2286 1753 3285 240 2214 1577 4847 1861 3869
3166 838 3782 2494 2130 506 1055 2113 1077 4686 4691 1796 3834 3062 3234 1105 33 2943 586 2377
137 3450 4124 2417 2013 3572 1753 3572 1665 4074 4051 787 4545 1258 2150 2370 2139 586 2723 3889
695 4912 1290 2338 1309 369 1376 4803 1946 2132 417 4000 2611 731 1211 4322 1545 3750 3984 3425
2793 3075 2255 4744 449 48 4423 4849 2705 618 2847 4007 2062 4900 396 4212 4970 825 1649 2
1333 753 1023 1416 4086 480 1038 4960 3445 29 1177 568 2110 1671 2436 319 2306 4330 4900 1626
624 2184 508 2180 3236 1036 1089 4771 417 4151 568 2644 381 2511 4861 3610 2535 2454 4225 3866
2108 3788 1409 2889 3920 390 882 165 3460 1622 2433 3974 2599 735 2708 1794 1376 665 4538 1684
838 4175 1543 4020 3268 4163 3998 3869 792 40 3358 3523 3926 1507 1885 3334 4267 4880 2978 4020
4710 1704 4504 999 2834 4844 3171 4829 4896 3756 4528 4893 3134 137 96 4538 601 4432 2114 336
1436 4560 4453 538 2231 2 4686 1430 1865 3300 1254 1484 3517 4994 1413 9 365 237 2305 1180
3683 3705 1858 3171 3628 3550 3429 3739 2999 4447 1282 2961 1870 4855 313 2655 3741 570 2211 1089
4489 859 3694 137 3075 1839 909 1584 2728 2472 1220 3399 4127 2867 3810 1516 4538 315 3671 208
1827 3984 1348 502 1086 1566 1236 2872 631 3254 814 838 4477 1466 1361 1885 4455 1143 2843 1209
3918 817 2068 1088 1326 2278 1650 4908 934 2223 4571 1089 3658 3529 384 4538 2926 3791 2922 378
3918 299 2673 1462 1438 257 250 2921 3356 2378 2136 1088 2162 2252 4331 4064 4330 3918 2719 2081
2742 3861 3811 4586 4540 4896 1211 4254 2810 3874 1825 1295 490 4926 3341 4726 2385 1941 2610 884
2676 4538 506 2047 1475 1946 1838 4577 2135 2207 518 4421 2791 356 2921 2286 930 491 4760 420
624 1792 3185 646 2961 136 3540 3134 1154 2985 4755 417 1742 3732 3370 4738 1965 1720 1462 278
3284 4591 4906 4715 4879 866 2509 3596 4699 2341 2058 1795 173 876 1303 2511 1088 962 4973 1057
2883 1089 2068 2068 2068 1528 2068 2068 2068 2068 2068 2068 2068 2068 2068 1101 1753 2023 1840 728
3694 3628 2436 4218 4623 152 2059 208 2108 1645 4089 3238 2544 3205 8 4538 2106 3607 1897 4373
4096 1121 979 4245 262 71 4101 2865 690 3162 4037 3613 2693 4771 796 3337 2729 841 3984 3781
867 417 1561 1456 1528 4258 1987 903 3502 3874 4109 2332 3874 3527 40 40 1345 503 1439 632
3866 2791 2939 2657 3271 4591 4240 3618 4392 1971 2500 3554 1729 2974 3390 2058 2098 2402 3164 2402
3694 4987 1199 2921 1194 2306 4937 325 1357 2402 4667 417 3978 4525 2849 3496 1350 3335 1381 2005
2318 1750 2978 2491 4900 2436 2113 4106 3695 4057 642 2375 1222 87 1611 1466 1688 1217 3427 4983
3477 3618 1678 1779 3887 3234 523 4529 936 4842 4477 3003 2777 4817 2041 979 896 4566 4564 1369
4948 4838 1728 1350 1688 2536 2214 4538 4323 3253 3214 3540 4237 2719 2782 315 2880 26 4549 4005
1323 3429 3200 1858 199 4151 433 4383 385 790 3865 3998 4196 3869 4002 1278 3540 1322 4703 3063
2343 417 1169 3796 433 1898 4005 486 2977 4915 4497 3851 3414 3887 2263 3332 354 506 3926 450
4175 1313 2281 677 4623 128 3234 1518 4754 433 1577 3974 1597 3360 586 2114 2959 3984 2378 1620
919 4240 404 1339 2361 1360 3049 394 2921 2306 3169 90 2305 3781 72 2066 3504 719 2549 1532
3611 2672 3628 4561 4861 3782 1163 3945 4373 1888 1374 2644 301 2568 2809 2951 2961 1576 1881 3607
4868 2452 3161 4032 491 3352 395 4480 3685 2911 4895 4585 1339 3200 2531 3879 3521 1657 942 2461
2890 209 3683 1062 4007 2402 3388 526 646 503 4896 4416 4508 1450 4945 2041 3550 3550 3835 1870
2152 3530 642 341 1588 124 1815 250 3523 3458 3523 508 2123 646 3835 3962 4068 245 825 3238
1920 94 4591 3918 2612 1141 2278 3267 4972 2005 4151 4214 1350 825 3238 283 1759 570 1597 583
3699 2729 1154 2509 4104 2402 1537 139 1184 4464 646 3334 1664 3967 2512 1315 4861 4484 4458 3602
2402 1323 587 4163 4163 3781 371 1892 3874 31 4572 3372 4318 3445 449 4756 829 3205 4392 3829
99 825 3502 1728 4723 3889 1491 3476 2736 1381 2778 3017 491 461 4436 2854 4686 818 2921 4743
4519 703 2669 4596 2978 3057 1522 245 3890 3929 4212 2583 2465 2240 1022 696 3732 262 1290 3616
2666 3285 3279 4359 624 2200 162 4973 3961 1787 3315 1946 2223 2036 2729 86 1415 27 4874 378
4562 584 2707 1550 1988 2454 1279 1598 474 4895 4992 3248 3285 235 2321 3967 2865 1835 4091 4987
3148 4276 4512 661 3874 220 3089 2596 576 1867 2 3098 242 3523 2451 4738 780 3887 2120 2531
2556 2769 2802 2939 3377 4464 1182 1288 3656 4538 110 4349 3285 3200 1413 3540 3166 3920 2270 2836
4388 4367 2839 3743 3811 2673 4188 708 2378 2196 3727 1550 1897 183 1290 1597 1677 2272 4431 89
135 1416 4086 1920 3848 998 3930 2612 586 396 1575 3130 531 767 2610 2015 48 4106 4900 4000
2273 3527 217 1723 641 2591 1598 2139 1757 2008 106 4348 998 3057 4341 2573 9 3705 1465 135
1919 2141 267 40 2054 2663 1723 2945 4533 990 2696 4747 3430 2810 4844 3261 1462 2558 2185 2661
4175 1551 3866 1374 4518 1944 731 825 600 4127 1809 4581 4838 2978 646 3835 1084 3502 3502 4851
848 2627 1163 1226 1340 2502 2872 3648 3372 2240 1795 4900 4031 2075 4319 4741 1121 3405 428 1316
2649 988 2136 1888 3942 4101 2115 2126 964 4526 2911 135 3166 1926 2945 4448 3738 3218 1629 2207
1323 3729 646 4948 4248 742 4780 1465 829 823 683 4902 372 3166 3216 2383 417 3072 3126 3643
1597 3075 2442 3234 121 4726 2894 4481 4880 489 1272 4530 315 3601 1546 2379 2123 2465 4538 1428
3998 923 1750 1578 4885 2174 1657 4915 3068 3835 1413 4373 2760 1487 3930 1814 1945 3416 778 3234
3607 4081 3874 1201 3380 2108 460 1901 4773 1524 625 210 2322 795 2630 4747 1883 3735 1645 1073
1972 2139 1416 1443 2657 855 4078 1785 1211 2428 2185 4738 4277 264 4268 4308 1747 1092 1261 4832
809 901 3020 2838 2599 2946 2444 1837 314 1365 3098 734 655 2148 1184 3469 4423 2402 3918 1529
2286 4342 2118 245 2894 4421 4855 3070 2306 3999 3835 556 3324 3285 4939 1475 3370 1690 1803 4699
40 40 4960 4392 4582 1571 347 1888 1884 1474 3344 829 1546 3315 4432 1322 3112 2368 2451 1124
624 4055 2274 3349 2225 1545 1065 2402 40 3286 1575 3887 1548 3366 2640 4317 2717 1994 2184 3285
2688 568 4293 4378 4051 1664 165 1266 2865 3127 2938 4127 4274 209 3157 1252 112 3509 896 51
2657 2237 3689 3732 3802 2523 471 4289 4699 3451 2911 2764 2657 3256 2902 2240 4768 2456 4000 2926
3099 301 36 3580 2316 4037 245 4602 4725 1667 1814 381 2306 4528 2347 2318 695 4449 218 3829
3575 4458 4037 300 26 1839 176 4686 1888 2211 396 8 2502 1098 2044 3575 3575 1413 3370 3520
2235 3256 2708 2338 4485 3429 1456 2695 2846 3791 690 4533 3869 4103 1769 281 3662 2644 694 3285
2610 4607 599 2212 1272 1614 3727 3521 3897 1474 3184 3896 1598 1323 3241 3887 1698 4763 4054 1819
1378 3117 1608 2770 1474 3540 3285 719 2891 3508 4054 1888 2041 3415 2089 2068 695 1888 2436 3919
1054 3231 417 1442 363 2057 1878 1413 4073 2624 500 2763 3532 4844 2951 1858 731 2240 2494 1341
3918 468 3438 3706 2527 893 378 2672 4566 1667 3848 3730 3554 313 1206 3523 2890 2289 3984 3012
3502 3656 409 3164 2402 3458 2610 4544 4491 221 1664 492 799 646 3863 2718 918 2278 3315 1088
1169 864 3543 255 125 1007 4007 4243 2045 3514 3489 1707 372 1605 3902 464 3926 3160 2185 246
331 356 4055 1250 1209 1252 4832 3706 2760 658 378 385 2402 4163 449 4838 3134 4323 2631 3285
2431 274 3540 3430 2188 40 2221 616 3887 3223 889 1319 4087 3790 4701 1815 2075 1552 174 4538
1323 2346 3887 3890 3782 4842 121 3984 1973 623 2753 3811 447 223 3048 3847 1909 99 4778 4538
2150 1903 4656 1339 2134 4207 2543 3994 2612 2084 3215 3863 730 3991 1036 2818 1785 3781 1888 3206
2657 4099 1842 208 3416 1385 696 1703 1817 395 2054 260 4567 597 646 3835 378 2036 4375 299
4453 51 4181 3927 2025 4482 4124 4947 503 72 2397 1858 2865 1006 1426 4697 4383 3268 3697 1124
3607 4819 2733 4081 4522 595 2313 1858 182 2361 927 40 245 3890 552 40 1118 1794 3501 1972
3416 4538 8 548 682 292 390 871 4181 449 3689 798 198 1881 228 4736 3697 4908 2861 3491
809 3315 2775 356 2000 3733 2711 4970 2839 1814 480 3926 2633 54 506 1564 2657 1315 3842 4391
4152 4464 646 2013 3344 4089 1498 1040 1807 3607 2891 1722 3811 3158 2890 1409 124 4276 647 1183
3918 2894 3890 4896 356 4809 646 1540 1180 2536 1925 417 1787 315 1737 3133 4276 3103 4572 2742
137 4420 4519 3382 2693 3305 1785 4390 2333 1597 3775 552 488 1576 4175 4586 1952 4055 1474 1158
1059 2679 480 585 969 1361 4103 4127 3554 4127 315 1107 715 2642 2899 68 670 1851 1679 936
3502 3649 1579 4723 3214 183 1967 3774 2528 2672 3250 3887 3512 3309 908 3550 867 4817 3075 2680
1436 561 288 2814 4127 2511 1671 3696 2227 3730 1269 2292 4108 2701 2415 2686 1368 4426 3752 49
1698 640 4424 3337 1967 4383 3619 4367 1054 565 1139 4674 1413 3540 1597 3503 4738 4424 40 2758
4998 518 1006 2 1598 3676 1339 4403 3370 2052 2465 1163 362 3698 1438 1222 2821 3962 621 299
2231 3234 4082 3873 4103 1313 4563 1890 214 2940 1545 1888 294 2504 173 4308 3742 3081 157 1406
4452 3628 719 1850 400 1794 3864 4637 4716 3653 1613 2475 3535 2610 4000 585 1545 3285 3874 4427
1581 1946 48 3256 1429 909 3786 1167 3727 2465 4049 1357 4897 2393 2207 3315 2535 2136 2911 4148
3148 4730 3858 2865 4979 4995 3888 680 1324 506 1698 2494 99 3863 3984 1036 720 2240 3550 4260
3826 2624 1633 2680 1861 4626 716 1450 3166 163 2666 2119 1086 2306 795 185 3676 3507 3192 780
1267 3089 3194 2073 1981 4538 3285 2472 2709 4967 3981 829 1754 617 950 417 3608 4686 3424 11
1972 1799 3668 4404 2166 4819 3236 4210 3639 4038 3504 443 523 1892 2806 3612 635 371 4707 2947
3831 3495 4638 4383 671 384 2147 4063 2438 356 1560 2036 1994 710 674 552 1703 3622 4996 717
449 4480 3745 838 1164 4892 2135 2263 3789 2136 2911 3745 3769 3607 2955 4640 2350 2528 490 4538
1691 1002 276 1973 3241 3447 593 2220 3631 838 4800 3007 552 1150 2068 449 4070 4518 521 798
3918 1321 4544 586 2978 3504 298 228 878 3460 3256 1970 1581 2891 4099 245 2013 3153 4041 2
332 938 4277 2465 2517 2139 4824 3682 1610 4152 1408 998 137 3932 4682 2043 1997 4367 4273 3007
838 3224 2610 3349 3119 1154 2445 450 3520 719 4475 217 3161 731 4529 163 789 4051 4037 4464
99 2089 314 825 1322 4458 3682 4172 4760 2338 4042 2579 3834 4400 3953 2465 4892 3070 4116 4373
1972 3075 4835 2142 1852 4656 719 3158 1619 853 438 3509 3607 4089 1353 3378 1038 4706 2005 1403
2136 4277 1490 3301 3909 4082 15 4362 2701 2436 3608 4151 646 2688 2911 3103 999 1598 2686 4579
4710 2624 2159 2926 3865 4855 4628 3226 3843 3607 3380 2680 2688 364 3222 1017 1787 1455 2212 4710
700 1881 3683 552 955 2769 3981 4838 3502 3622 1995 3866 4190 4259 1777 4550 969 1949 3303 3618
1180 2256 4019 2492 2851 4746 1222 4207 505 1508 2084 3571 945 245 1113 451 4766 4332 1619 1311
3896 4720 2370 315 2711 2842 4458 119 1475 1682 1970 119 1597 3840 2613 2166 2591 342 4973 646
4990 3437 3389 1664 3158 3874 1226 4664 1645 570 1007 1290 4832 2696 4457 3187 4000 2521 720 646
2666 3206 538 3285 84 719 4190 2347 4730 3550 2610 3766 506 4626 2624 2693 2132 2431 433 4895
838 268 1989 1376 522 3874 2806 2657 2941 999 4710 1311 3571 4508 953 2146 952 731 1055 4710
1436 3832 4451 356 3737 4646 1209 570 2278 2729 3099 4051 2904 4933 778 3230 4311 825 1271 1238
417 4903 4519 795 1282 4203 480 1349 877 13 2816 2852 3864 3735 3312 1769 358 449 2940 847
2176 235 2108 1339 1111 27 910 4709 183 1354 3979 2951 3653 2232 4383 1653 3811 4477 1842 315
1399 1416 4869 2940 15 3863 2612 385 677 3869 278 1394 2611 4506 3129 4804 1814 3161 32 4327
2627 186 669 2771 687 4637 572 4564 2328 2056 1409 3462 2246 4502 3430 3507 2085 506 877 632
1323 4844 2440 4348 3381 376 4210 3098 1686 4321 2588 4477 1415 1113 1752 3389 4844 4581 40 409
538 116 3416 4617 3607 2921 1620 4207 2338 466 1526 4214 3826 1994 572 1620 2921 2234 3058 385
3523 137 2899 3550 319 2480 3041 1800 3870 2338 1229 2545 719 4667 2358 173 4175 2526 2111 2359
1759 324 3164 2855 3727 4071 741 4479 3192 4930 1892 2809 3042 2511 1244 2707 1288 3098 1086 1416
3918 4380 593 4163 40 3466 3016 4332 2278 2465 2688 4750 364 4706 246 1888 2436 827 1994 3554
4580 1514 3611 2160 989 3285 2445 3511 3005 2643 4099 486 1728 491 173 3217 1300 2814 1300 3981
2983 3839 1753 2789 3535 2106 3930 1095 491 3134 2465 195 1620 954 2106 4152 364 4576 999 4197
838 1209 1276 4071 1182 4774 1077 4103 4595 2012 84 4810 2457 2949 1287 677 2729 986 2393 4399
351 449 1799 1972 4227 731 4125 3494 1858 2357 4359 753 4519 4383 3494 3042 3285 731 176 315
3200 1671 333 3469 3887 1177 3248 121 363 4753 3430 3285 4484 1041 2325 4876 1642 2911 696 3199
3200 417 3033 238 4723 2831 3430 2465 1592 2249 1024 333 4538 3340 3996 697 1885 586 4267 188
3874 1158 3927 3918 1290 2545 4341 4187 1834 992 3205 4598 4875 4341 4518 4180 825 798 2371 137
825 725 1130 3540 4127 4686 3540 2359 4187 1311 3604 212 680 4240 235 2691 3535 252 2179 3285
1597 1206 789 2438 3572 3814 4963 3089 3607 1920 4618 349 4144 94 4302 1820 23 3094 1450 2728
3416 4895 1929 3607 4037 1566 2390 4008 999 1462 2932 586 314 2200 4068 658 1371 758 2090 1792
3416 4895 2445 137 4030 1092 636 4575 757 686 248 922 1949 3178 252 4771 4667 2427 1097 731
3158 2205 152 1256 4376 4518 4245 999 1011 450 4827 1766 684 1507 1973 2371 3249 4333 4727 1897
4758 866 920 1729 2840 3497 2612 2734 4342 3894 1870 630 891 1022 3819 4125 3918 2949 2820 998
3668 1597 2985 3216 736 3282 3334 4355 4711 4538 923 2179 3241 938 368 2182 4240 3976 4244 173
2657 2903 1439 2486 291 4990 1933 729 3075 2190 3984 893 1973 4392 4603 2274 1162 107 3310 2006
3000 652 927 4297 1884 526 378 764 725 1117 3984 4979 4420 983 4519 855 1359 4600 1088 1024
2657 2903 1837 4756 1550 1994 315 2388 3502 1054 2527 3781 1708 3171 3205 1402 560 2325 3209 4095
2231 4127 198 646 3761 213 4844 210 3229 98 3814 2445 4431 2705 2306 1143 4432 2693 127 2086
292 3379 4987 173 3613 2652 1154 1914 3994 2966 1787 825 361 3528 823 2496 3112 408 1671 3967
1528 4068 3949 833 3978 4912 2219 2205 546 3119 3998 1994 417 1819 4577 1105 1138 3305 3571 3523
3200 491 3676 804 1728 2375 4071 3166 1299 2672 99 556 4014 4435 705 2085 3613 4581 2882 2194
2657 3826 2802 4127 2361 3730 979 117 136 3388 908 2713 3672 2817 3507 2610 2854 3020 1881 4033
1323 3729 1787 2068 4909 661 4536 135 2253 4834 2000 3607 1482 2 2370 2656 2523 1566 2136 1952
2013 2838 3079 1040 892 3440 825 4707 4686 3927 1985 71 245 4103 4426 1162 1888 4108 4130 3943
4438 163 3164 4451 830 2190 163 2644 2644 4738 1022 728 2288 4152 3643 3984 2480 825 2371 2236
3918 3520 2657 830 1664 1792 1513 3919 2769 1566 1191 699 2106 4905 2255 1167 1609 1972 2095 2834
3234 68 4478 719 4163 417 1313 3114 2624 3630 3976 568 90 1191 4908 257 2865 9 352 3515
4240 2688 2851 3607 2373 3481 1885 1019 3578 4152 4995 1481 3261 2809 3572 3200 1215 4103 2450 1226
2610 2370 3918 586 2703 999 4378 4223 1003 2393 4163 1308 1930 1450 356 2480 1262 1691 2045 154
2402 1581 3011 1595 4664 2941 4664 1622 3998 4572 932 1482 1495 4908 4432 1753 3686 3429 1623 27
4240 3981 1666 1051 3241 3646 2502 1077 3891 4037 3510 4110 2128 2789 2454 3861 575 480 1638 1938
1905 4066 3235 1839 2191 2377 1641 3425 4151 278 2368 153 2917 1272 3697 4168 4881 2904 3782 2889
4243 548 4548 2719 3487 1624 3232 276 823 245 2633 167 3383 2671 609 2422 4931 2485 3305 2426
3891 417 3236 1290 3199 480 1795 3509 2865 364 4106 330 1333 1088 696 2008 4267 3976 4040 1576
838 2402 40 245 356 506 3521 731 4078 731 2475 491 4293 2454 2692 3645 490 4099 506 1036
1323 2263 3478 503 3057 825 2185 3216 1328 636 1839 3866 1785 2278 417 4723 4466 292 4564 2874
165 4110 1605 3424 3692 646 1971 4158 414 1897 2187 396 4232 3972 2693 3940 1665 1740 1222 2089
3607 4822 3234 2568 66 1729 1254 1450 586 4166 3314 2237 3727 629 3234 3874 4834 390 3739 2414
3468 3602 3828 3284 3786 1597 3180 825 2472 761 586 3835 1870 4994 4674 4066 4255 633 1339 2449
2590 2136 4323 3887 1219 3331 3745 1211 2718 4923 838 4477 1782 4502 2988 4432 4686 1478 3215 2373
4518 171 2938 1752 2227 4759 3442 2113 1837 989 4152 2281 2089 1858 1386 4969 2777 4451 3267 3984
4607 2135 3039 332 1994 841 2278 1442 841 4673 825 606 378 3984 4103 3523 4686 1287 3460 136
3806 3864 3874 4988 2402 1333 979 3592 4536 4449 373 1854 2719 3504 3984 223 4310 1031 1493 3668
1551 4021 2249 2305 488 4678 3502 3200 4261 1215 3017 795 2191 3158 3874 2191 1814 198 3835 1575
3607 719 795 3905 2409 1459 2581 2831 4020 2846 1626 2514 1787 2013 3154 4913 593 629 4538 2711
333 1972 3430 4919 3323 1598 1596 3504 1314 2811 4900 1088 4734 2922 4081 670 2338 2696 2863 4451
40 719 2148 3246 4942 1262 4805 1040 4713 1484 37 3639 2278 3370 829 4881 3095 2349 4686 3679
3274 3134 2771 2353 4019 2340 1253 4656 728 586 3006 2545 1409 3462 4212 2541 3502 1054 4973 450
2528 948 3203 1664 1973 4136 3960 4505 2855 1609 2139 2545 1949 1465 3714 4090 4333 1888 1762 4464
838 2610 3238 4538 1751 1887 3918 4321 2884 2000 4703 2838 1376 1362 2451 4538 1947 780 198 1459
3918 454 3425 2349 1881 1622 4727 1919 1382 176 963 1069 1290 3811 1431 3388 3494 1689 3315 4127
1951 3040 3262 3894 1339 2904 3643 4571 2729 2298 3940 4163 4894 1810 2422 2811 4127 652 4994 278
4838 4630 719 3992 1445 1139 4447 130 4648 1925 3158 855 4161 2590 3731 3335 3016 682 4647 1368
3523 3523 3042 3637 4538 1664 2368 2136 1598 378 1779 919 2548 4292 2084 3043 4126 2947 742 3047
1972 2294 4152 2389 2166 3076 2333 1888 2068 2068 2068 2068 2068 2068 2068 2068 2068 2068 2068 2068
2705 3590 1038 4041 526 390 4874 1323 529 3947 927 3746 712 1365 2758 1698 1410 4062 2693 4424
1985 4660 792 3158 4127 333 3271 449 2148 2184 3285 2149 4540 4486 1154 2536 2894 2128 3048 1309
4353 4194 3656 2760 2389 2713 2 2520 1449 1575 825 1516 379 2644 2644 1250 2790 2263 4372 594
2427 3814 4161 2661 1598 4241 4041 238 1440 2966 642 237 525 2829 4438 4099 2 741 983 4143
1972 2851 4518 4985 2631 3469 4743 866 2904 4529 3918 373 4830 2922 2166 4578 2878 1671 3234 3661
4452 3628 3360 570 3099 1109 2890 4696 1951 1787 4730 3865 3728 3305 1598 4455 3802 3994 3033 3039
4998 1946 2148 4000 3653 4538 4055 4241 2272 24 795 2191 2993 480 3540 3705 2872 565 2911 4389
2068 4998 4747 1980 2657 2058 1188 1870 2701 3523 778 3430 1381 4847 417 523 4362 4988 1360 1545
3042 2263 1031 3692 372 2244 1837 2370 3471 1256 4274 2831 4743 4524 449 4539 2387 1930 2472 4803
4245 2631 379 821 3026 2650 1831 1972 2139 4736 677 3611 4241 210 365 424 173 949 2236 3161
1268 1597 3683 761 1221 2763 838 3070 1272 731 3100 1528 4051 1210 3094 719 1465 4107 2861 1989
3416 1360 480 3984 4664 4936 4055 2672 4000 562 2809 799 2488 2876 4144 4571 2537 3427 901 3529
3148 3775 3831 250 2081 4838 199 3285 1519 4698 4830 245 3694 720 4000 3858 1920 2843 1853 288
1403 1743 4930 1576 4674 2397 3350 3884 829 1865 4985 3285 1537 3927 3618 4311 181 3721 1295 1481
3337 454 3241 3132 1814 4023 3874 2784 1785 2823 1625 868 3634 245 712 3468 2867 48 4511 2202
508 3918 2711 2200 3700 4108 3236 718 1096 2497 1431 1270 2457 646 1435 238 4744 2219 2058 4711
2719 3008 1682 2631 3540 4767 1897 90 2510 4998 3879 728 2558 2029 2179 718 3285 4528 3984 2196
2186 2497 4769 4987 3887 2826 3134 3171 638 4526 3161 3576 2333 1584 4594 4519 1622 1858 1604 2672
3563 2224 3505 4020 1548 4491 2897 1992 1321 3199 4763 2612 3309 554 372 4852 2367 4081 2152 1560
4637 2174 1390 1646 4687 506 3171 708 385 1468 1512 3230 1757 2477 210 3231 810 1989 4168 882
2657 687 4163 646 4420 3611 4710 4930 4000 3550 3782 506 4241 2041 4241 3234 3990 4272 1755 25
3200 209 2108 4686 4276 4694 923 1748 1187 1888 1815 493 2703 1688 185 1295 696 1796 3166 4973
4447 3374 3931 75 2205 2231 4727 3184 3285 2066 1431 4168 637 2414 4766 3584 1838 597 25 1887
2985 3628 1881 3134 825 4126 3358 1040 2057 1989 1107 3352 3906 2644 3981 342 3739 2790 4389 1539
3694 3336 2015 4577 4194 2136 2942 1251 3607 2845 3319 4611 1242 1165 3729 895 3382 1368 2010 825
2657 724 3982 4597 3523 3050 1666 4664 1032 649 684 1972 1146 1815 1785 3835 3982 4766 9 4698
3236 3379 2072 2789 4890 4341 4426 862 1465 2681 754 1994 315 2281 40 2977 4538 506 2571 4388
2657 1439 4623 3367 139 1985 3564 1580 1729 699 4648 3523 1625 4360 1888 2436 2817 3618 2789 2693
477 364 1044 1545 2375 2872 1063 1275 4763 2657 1684 2610 578 137 297 385 2185 913 4994 3158
3234 4769 2545 3349 1596 4197 1787 165 3241 3540 173 2926 1918 2393 2846 2843 2451 2533 1961 1222
2166 4977 4825 266 76 173 3224 1576 3481 3514 3607 2663 378 961 379 4658 4727 1108 3075 1481
3234 3253 3874 1595 3049 2610 2842 2 4342 3056 1381 214 1982 488 3082 2185 3767 2549 4538 2940
1439 3353 4538 1209 1742 2743 1981 3476 2235 4435 4139 394 15 767 3193 1787 1858 363 1813 145
2146 3984 1017 1598 2592 3831 3131 4706 3596 3888 1850 1278 3315 2397 1787 2624 3164 1787 2211 3874
3602 3918 4903 3643 1478 3049 1236 4664 730 1219 688 2402 3068 3094 3081 2711 688 1766 3521 3638
3607 4210 3267 3782 1946 1367 4852 2104 2184 1153 3733 4972 2612 3267 2200 3692 3375 4996 2281 2191
4926 2205 3730 1378 2821 1089 315 1770 4811 3121 2036 191 3247 4215 250 694 4161 1163 1560 3478
1439 1416 4954 4227 938 621 938 491 825 1686 2281 4240 925 58 3822 276 2352 2361 2320 4656
3607 315 4373 1447 1075 526 3744 296 3920 2531 3933 173 783 171 2281 4903 278 2368 3285 1862
2289 1108 2127 2737 1985 3234 534 895 1474 4318 4857 770 4023 4656 2691 552 1870 4039 2418 3948
137 4772 2644 4560 2657 949 1645 2503 1281 4212 2378 246 3218 1585 508 426 4295 3920 3206 1994
1985 4538 3211 4362 4323 546 2907 3786 1933 4855 4495 2068 4956 4148 2258 3618 798 378 3692 2205
712 2603 3638 4842 2644 4834 3390 2054 914 1722 2128 1837 2271 1597 1874 1951 695 4988 3075 4936
1115 2947 4091 4447 4552 3166 4342 1629 1251 3918 480 2058 48 2108 3158 3514 1215 2661 2631 3786
696 1091 3874 1162 4664 2530 1892 4479 1994 3425 3607 3930 47 3714 3425 4581 4464 2708 4805 4994
1439 235 4273 719 830 737 587 245 3981 616 3285 3874 3416 3285 3729 44 819 4713 1386 2715
695 1365 1914 1272 2657 1241 1091 2511 27 729 12 2531 2436 4004 2631 795 1787 3637 2939 2657
1354 311 4329 245 2599 1073 1020 1040 2939 3984 301 2500 792 4538 2469 889 3007 655 1237 710
1382 1043 4387 3075 3377 1598 4900 1545 2 778 4942 4768 1832 3523 4636 4637 4743 480 3437 2831
4660 4922 1750 3089 1473 106 3821 1994 1545 1815 1637 2641 4013 1062 3078 2693 1686 2921 797 381
1972 2724 4754 1758 4769 2752 2631 92 775 3888 1724 113 3508 2509 4607 658 3804 3334 535 1595
3918 4342 4127 640 4293 1005 2711 3398 1888 371 4689 1071 3887 731 1814 364 742 1612 3348 4581
838 4538 1323 320 3563 4438 2809 4723 3984 1251 1961 4758 3164 420 2695 689 1704 4478 1108 3285
3995 1665 3890 4182 378 4127 238 2200 3224 2882 2582 3866 4707 4451 1210 3872 183 1752 135 3669
3285 2274 586 4152 2205 2015 4783 4857 3262 284 731 4000 3528 4819 3445 4020 1552 291 3715 3617
1431 4381 4241 4538 2255 1933 728 1260 2776 327 2680 4225 4099 2952 1536 3476 3683 4971 3974 3917
33 524 2982 1799 2771 3227 1481 3550 2650 1599 2884 347 715 3231 443 1919 503 3225 1930 1813
3200 4951 2705 2303 4010 4618 313 3874 4846 498 4946 4519 2760 3730 3134 1687 3230 4637 4637 3372
2135 2139 2370 2150 3846 2769 2135 4628 1179 234 2568 3727 4000 1578 1528 352 2004 4861 3782 99
838 4273 642 2772 1711 3874 1864 1575 215 2032 498 4161 4420 2237 680 2672 882 4519 2465 518
3099 2904 3995 4089 1006 4832 783 2691 4736 4323 2058 1787 3523 137 2056 313 24 3812 276 2191
2298 2263 2694 1920 1888 2068 2068 2068 2068 4426 3479 1575 4837 4041 2922 3481 135 3465 378 291
3918 4342 4175 1853 3597 646 3896 3691 1757 1339 4586 3601 4891 3502 1545 4892 240 2128 631 4152
4695 3623 2572 3622 1893 1269 2604 2662 2436 753 1787 1145 798 4148 1426 4377 356 390 1152 2545
3148 2342 3222 2191 2550 2578 4524 135 1130 450 2490 778 2015 1177 2610 396 3974 181 4429 938
4081 1970 106 2756 347 3285 715 3554 2286 2739 1272 3667 4960 1117 3763 3285 3984 583 896 3738
1323 2985 2532 53 2202 3752 166 1994 2631 3379 3344 1545 1980 70 2408 3404 2389 913 278 4151
1834 163 1474 876 1073 2632 2970 2890 1664 4963 3067 491 81 2507 4151 3445 2015 1144 3739 1305
4477 1823 396 4903 4732 247 1321 900 246 3301 583 4695 2486 4180 4332 2531 3231 1111 4827 1413
4758 2533 2228 4326 3791 2642 347 954 2657 4099 64 2148 4000 2865 1503 3120 1598 4099 4540 650
4102 829 3291 4163 1757 1435 1919 70 417 2205 1146 3695 1397 374 388 4538 1396 3166 550 4163
2688 3999 416 2921 2921 4818 4487 4994 2599 1465 4730 2760 2657 4703 720 2520 3285 621 867 321
2947 449 1769 550 2306 420 3994 4506 2445 781 2839 1787 1787 825 1415 3167 3984 185 264 3785
1972 2599 1323 702 332 2504 506 3504 707 2904 3501 1800 565 2410 4648 384 1951 4695 825 203
2859 4465 4210 451 2926 3694 2071 245 3303 2586 3622 1339 503 687 3005 4842 1548 2639 730 3732
137 682 3668 1238 1256 162 3315 799 2711 4865 926 2922 1438 3395 1125 4824 1209 4227 4763 1319
2452 1560 2135 1063 4323 1179 2901 2240 3935 940 4269 3117 597 3676 1086 26 1282 4051 3078 371
1787 2729 3874 164 1167 247 1977 4032 3435 1913 4929 1059 4341 3835 3138 4332 2921 2701 660 3782
2108 1968 3683 1609 1598 1374 3660 396 4323 3430 3865 2612 2203 2670 844 1548 3083 600 4295 4664
3572 2135 2402 213 3424 3382 4440 378 364 147 372 3366 3268 825 829 1403 4055 1209 1039 1844
4190 3812 135 2895 356 783 107 3310 2744 1349 2398 4805 3930 4424 4711 4809 1040 4014 3874 3134
1268 4127 3554 1278 364 793 4667 417 333 3120 1333 1319 1549 2090 2202 3948 915 2819 3370 3696
2558 2903 1163 2949 2548 4571 3608 2770 2941 1862 830 2436 2041 2068 2286 1120 3887 107 396 4081
1442 4666 433 2226 2657 3395 3592 2123 3797 3922 3715 1226 798 1871 4104 196 3078 4990 3035 3375
518 3234 2469 2977 4767 4103 2728 2015 2865 1465 3638 1881 3611 551 1150 2977 4552 822 1415 4324
1711 998 2479 2 1987 1098 2205 4000 3119 798 3215 741 2205 3101 1728 670 800 3070 3645 3018
566 687 1152 586 1035 3829 855 560 4127 1755 2352 3206 3247 1146 2108 2114 2136 4059 3887 4723
3214 3976 4101 2865 3075 682 1333 4373 1858 3605 1549 1549 998 2631 1128 3389 2001 499 2511 1075
2976 1290 364 1215 2051 2691 3857 1629 2728 2770 4657 3590 4855 682 3984 183 1728 4144 4793 2397
4490 2661 526 3504 1295 1097 1109 1645 1326 3607 641 2797 1598 3481 4225 1560 4342 1787 121 1575
1542 4128 1883 285 1376 276 2191 1765 1003 1428 2697 1266 247 1225 1758 2457 4233 4587 39 4809
2568 1323 2263 2136 554 720 3524 1834 1082 2084 1671 715 1722 1858 722 1595 1146 3662 1742 3507
4613 4243 32 1814 2630 3548 4635 3292 878 1598 2139 2274 715 3514 3528 880 2769 3285 3706 4051
137 2000 2252 1677 2158 1706 3611 2974 2974 607 261 1330 2644 4068 4097 3150 2057 3206 2047 486
2231 2457 1884 1460 2123 20 395 3057 4123 2947 180 3607 2402 4175 3784 135 3067 3712 1508 1088
1143 2281 4767 2922 810 2371 4637 1884 1930 119 805 102 1671 3607 276 388 163 2644 4439 3255
1323 1091 3874 2145 2544 2000 2402 40 3738 3484 2389 3754 2278 2238 3069 903 4903 2729 4694 1790
4758 1350 4342 935 1575 4861 4991 617 4766 646 1595 1332 119 2268 2729 2789 1787 644 203 1651
3918 2728 2343 4481 4363 1355 4566 4055 1617 1796 3119 3089 4664 695 3887 4567 3728 1870 4131 3948
3580 4735 4392 4991 4363 2510 2047 228 1184 4725 3866 716 1052 544 646 2213 2644 4674 1972 4758
3117 3132 3094 3382 1595 2343 245 356 4713 3575 4674 278 4581 3470 4469 2670 2904 695 4988 3809
4746 3558 687 1075 297 163 670 1188 3757 3890 2205 3108 3236 382 4264 1782 4143 4763 1947 1547
163 1416 3465 1450 1006 4744 4127 3048 2715 169 288 2729 4376 4238 2445 4802 2806 604 4656 3855
3607 4207 224 119 1664 3367 4055 2089 2 2289 325 24 3739 696 943 1088 4695 1742 1890 968
3918 4679 833 1682 786 855 839 4071 1345 1202 2374 4136 261 1866 4350 3182 3200 4832 233 2057
3067 1104 491 2719 946 4038 923 2969 1664 858 466 4218 1376 3643 2347 278 4426 1922 775 4881
695 827 3305 780 4572 90 2237 2918 4422 3256 3948 2904 238 129 3455 3668 161 4540 1834 866
3730 9 431 306 3169 1077 1028 2061 283 2726 4260 4900 1888 3378 4363 3225 4019 4359 2454 2278
137 2032 617 4156 3514 2824 3055 166 1757 408 1726 640 799 1702 4881 1595 3751 276 795 720
2452 480 1824 4400 4108 2361 4538 1612 731 2672 2531 2942 2878 4830 2231 855 1315 2558 1854 1852
838 1209 4078 4230 4290 2680 2657 3285 2994 3268 2728 2696 2344 1576 2832 4322 4175 3600 4336 3974
3284 2313 2004 82 4195 559 1085 3444 3974 291 2865 3041 667 3588 167 3920 224 3828 417 969
163 1951 833 440 4819 734 3887 3213 3823 3699 2713 3872 1361 2000 2234 233 2733 4037 333 3094
4152 4464 4895 2637 2058 3173 137 2263 1888 4427 3976 1529 3236 4322 3378 1104 3134 3695 1611 4982
4243 4637 3350 4830 356 2304 559 3315 1989 716 4667 994 4577 3874 1608 4829 3726 1603 2063 225
3067 2403 4241 2436 4977 521 110 2772 979 2728 830 635 2548 3661 3781 349 1274 737 2696 3685
3245 1987 1858 2205 2813 3070 4763 2713 4110 3338 1354 2535 1981 3236 433 4658 4615 2065 4538 2102
4181 4505 961 3091 2213 4698 2389 1786 1897 4493 2221 9 4571 2921 604 720 2940 2315 474 4674
4493 2839 2302 719 2696 1619 508 9 3303 2011 1305 719 2711 4587 1019 4884 3908 4273 364 2789
1439 4844 2136 3285 4181 2663 798 2347 2409 3940 1276 882 136 14 2842 1089 1810 3158 390 1989
1439 1933 2717 142 4637 396 3729 3191 4103 2640 3660 4101 1858 2181 2174 2970 2457 1884 4103 363
4616 4758 4908 3043 4000 444 1622 4108 4639 4000 1124 1965 92 3754 3098 725 4809 1472 4715 378
2758 3824 3730 1152 1946 3377 3020 3521 3289 3984 3604 949 4428 4051 15 2797 1664 1819 4014 3874
4175 1039 4197 1688 4151 2278 4207 3883 2856 1549 2672 4062 939 1664 2817 825 3733 3265 3981 15
3523 3926 1622 3507 2624 369 1684 3984 2789 3234 3303 1837 4333 2452 1989 1341 1465 1784 3540 3389
2136 4637 4519 4332 2278 2179 4142 1922 4842 4729 343 1888 4583 3285 2012 3521 4411 719 3236 4105
2486 568 313 2274 1269 331 1324 1852 1209 4232 3601 2789 2054 3132 719 728 2306 4543 3757 2610
3425 4349 728 1679 4152 2106 496 3380 4677 4295 4518 38 445 3119 2728 1099 3144 2290 3888 3592
4666 3540 602 135 1077 3514 2161 1664 2265 1438 1973 491 1230 1785 948 1458 4736 798 2371 1723
4175 998 4672 502 4815 2672 2693 3254 682 2657 4456 4641 768 86 1874 2106 4528 4097 2213 1978
3575 2286 660 3315 276 3267 3835 333 3984 2196 1199 764 3800 3070 1651 348 4711 641 4674 4978
3776 260 3785 2949 2820 1765 3502 4892 2817 3241 1228 4181 451 2696 2696 96 2314 949 3781 3745
3918 4342 3236 1374 245 3837 3432 2278 944 4869 4224 949 441 2531 1577 2644 4021 2420 3337 751
3523 4423 381 3727 2253 1209 3035 1787 417 2511 2336 2404 164 53 4037 3738 1097 4832 2760 1177
4051 2904 4976 3679 4477 63 332 4958 3521 1062 485 1481 1460 1413 4549 2705 825 3285 1622 2502
711 841 1333 1883 2281 3445 3236 4214 2117 4996 3214 276 3888 1949 4325 1073 670 635 742 789
2610 3649 3550 2278 3890 4754 2729 1844 368 2997 4852 90 4900 1431 1620 2672 283 2776 798 4431
3730 3546 2720 2439 3514 1933 2205 1575 2444 3908 4947 3267 4711 4710 2921 1128 3285 3440 4538 1099
4144 2289 1927 4709 49 4518 864 2563 3337 27 1528 165 3560 396 2729 4945 3303 634 787 4832
4479 1596 2622 449 4538 2848 1550 1492 449 2340 2956 44 3948 1912 3825 954 741 4477 2038 2457
2136 4277 131 2139 389 315 753 4036 529 1584 2977 1189 4238 3395 2680 3148 1787 2436 1753 4536
2744 3099 2517 2874 2760 2760 2715 2058 3706 1667 2943 1972 2253 1971 3039 25 1241 2030 2598 1495
4987 4767 582 3089 2184 1154 3148 3417 416 396 3643 2696 2916 1252 4538 414 4990 832 173 3333
292 3989 4240 3809 1356 4051 4972 2308 820 4195 2921 3607 3515 152 2338 1228 3858 3502 1219 3231
2701 552 76 3537 818 928 2454 1595 1154 4061 2442 2764 597 646 2535 2358 2379 3359 1698 768
4175 1858 2829 3981 4819 441 2541 4426 4043 2152 393 4588 110 1528 1386 2845 2640 3056 485 99
4664 4608 2015 2947 4332 3928 3234 3920 378 2558 1029 2167 1430 3829 1992 4763 307 3138 1856 2457
3356 3607 4323 2249 4136 1355 3008 2683 2939 3460 4420 4316 4861 2829 84 992 4738 4887 4108 2205
3532 4571 825 417 479 1086 2237 4056 99 3887 718 276 2961 1815 313 2757 1592 719 40 3879
4763 2538 1852 3887 37 1163 2306 833 4342 425 4268 3204 2114 63 4703 2693 3169 855 173 1824
4518 1929 2597 1472 1837 1671 1464 1203 3887 4405 4091 2608 752 1437 24 2673 971 336 1934 4590
1597 3692 2316 2202 4855 4108 2077 2835 775 4832 2148 719 1718 3171 3869 1888 3508 378 2904 3967
3076 1313 1209 1438 799 3521 3865 2316 4342 4100 1761 1481 2010 1884 631 1198 235 2196 2691 2139
2560 3874 442 4037 4184 2249 3089 4194 356 106 2697 2136 3523 3098 3977 1814 139 4723 4382 4451
3607 1385 4939 1902 586 2461 4212 4516 780 548 4019 2968 1671 3231 2091 2729 746 523 1256 1737
2777 3393 718 320 3728 1667 1888 858 2473 2733 3154 3160 686 2333 165 9 4295 3406 1275 3076
137 3163 1664 3395 4881 4971 4163 313 2498 2410 3986 4528 1316 2872 1908 4710 4898 3572 3989 3639
4562 3089 2234 3854 4345 3490 2672 2970 2655 1016 2512 4819 3926 4373 3810 14 1059 1250 1209 1252
3918 1753 4972 3727 2705 2548 3590 1107 3863 646 2842 2205 2108 4847 819 506 121 4985 3887 3600
2688 4714 4163 1049 1871 40 3781 4519 2139 3550 1576 4881 787 3947 3469 1088 3856 506 499 2911
838 1480 2502 3426 1515 4363 3460 1956 2914 3942 152 2260 3729 2663 883 3852 119 3999 4253 1664
1619 2942 4383 409 4194 3380 2403 2185 3743 1981 2120 1652 1965 2938 4116 4423 1814 2865 169 1150
3918 1551 4681 3150 1450 2811 1946 480 4674 3926 3382 2977 2427 2664 3554 3558 2047 1838 671 1209
4964 4163 2465 3313 1770 825 1409 315 3391 2109 2719 3390 1981 127 4804 3854 4556 4488 944 1985
3607 2214 1943 2985 1985 3874 725 3473 396 1465 4458 1854 1671 449 4538 4626 830 1069 4317 3782
137 3044 2340 3310 2287 4843 3405 3835 1771 2939 754 364 361 969 1215 3118 710 2343 1130 3981
2442 4519 2472 4692 2943 2921 3234 3256 3874 2600 617 1865 2223 2878 3372 841 838 2166 2382 2
1210 3829 381 2058 761 3325 1871 626 4039 4538 2665 4686 1508 1967 2454 2693 2370 2232 1529 1859
3981 3926 2548 4783 4319 1818 4868 1994 1702 640 4274 2402 4243 166 708 4127 3963 4892 414 2503
33 4152 4616 3811 4970 4000 3968 176 4109 1740 2531 2136 4363 3052 1650 3540 3380 1136 1545 4581
3607 409 2519 3265 3416 4572 3151 1127 1230 3572 3074 646 1664 2733 4455 2656 4512 508 1973 4664
3580 3732 4874 2951 2556 3882 3784 3887 578 2469 471 1994 245 3303 2502 396 176 3161 4227 4804
1952 1091 2108 304 845 631 3866 2393 4243 4768 2324 4145 4487 2533 4243 4637 4249 3067 2610 1357
3148 292 31 38 3334 2278 1193 2904 4187 4323 4906 3504 3540 135 4889 1648 3020 832 1182 245
137 4632 166 3979 799 778 424 2198 4432 433 586 4093 973 799 3171 3931 4236 1673 2039 4998
4613 3243 943 4908 2865 862 1389 3380 2966 642 1215 3061 2401 4528 1088 2533 2149 2000 24 4175
4175 3781 180 797 540 1569 4868 2970 780 780 2010 3285 1853 517 4809 2703 1281 2015 48 2081
1860 798 2989 3406 3271 3460 2915 1758 2762 635 579 1907 342 4323 2249 3848 4431 2817 4878 889
3309 1951 2286 1629 1787 734 3234 792 4103 1676 381 372 4988 4103 4086 1109 4768 3507 1063 3874
490 4378 245 4465 216 2672 2472 3540 1622 3067 3751 92 1724 2370 945 219 4686 2468 4711 135
1597 450 2645 4553 1168 2588 1557 2326 2237 738 2918 2268 1314 4094 15 804 4378 1252 2558 2760
1655 4355 3148 765 8 3789 4419 1787 3855 1759 3780 882 3120 3285 2108 4960 4852 2865 825 15
2108 3265 753 4441 1323 4518 4714 3100 4815 795 1083 2370 2159 2504 2705 928 3134 1023 3583 255
3918 2894 3154 555 2224 2657 384 99 4062 2289 2729 3150 1226 4538 3960 4520 855 48 783 291
4931 3330 3285 1489 226 1837 1240 3348 4126 4505 996 1888 1465 1792 4688 2468 3634 3052 3112 3483
2681 3592 4152 3613 3469 4703 4587 47 2651 2591 3962 4502 3974 2591 3624 394 4809 3919 3120 1731
1605 2108 3158 2205 3636 395 3835 1575 2298 2084 309 2465 2329 884 2343 2089 2642 1981 107 1121
833 915 1578 2709 586 2013 1637 3948 2978 450 4730 646 2350 3523 2831 4664 4321 631 4152 1641
4435 1272 819 3241 1250 4323 1311 3382 4268 1664 3243 3596 4852 2696 2068 2068 2068 352 4489 4717
3668 3115 2289 3406 2711 4909 4212 4338 247 4477 4407 4892 2044 3995 173 1151 2304 208 384 3310
3236 4456 1455 3521 3119 183 858 4014 3160 3692 3153 4197 4809 4695 3396 2068 2306 913 276 2191
4175 2934 4051 1781 555 2396 4014 3127 523 3383 1209 2730 1987 1617 4323 4323 1706 1617 1503 2720
2135 3520 86 725 1839 3679 4711 1316 180 135 2396 385 386 2658 689 4656 417 719 4163 4008
684 687 3039 4392 4976 3281 2177 433 4900 1372 309 4571 4583 4582 4643 3694 797 4763 2911 3714
2402 4464 2851 4678 2595 4469 3631 3690 1880 3729 2610 315 3158 2015 1529 1287 417 3829 2826 1320
430 2023 1309 2691 1143 3874 785 2555 4785 1146 1787 2436 4852 3572 3774 1178 4130 3148 1098 2436
2420 189 3221 2843 1995 1888 998 2890 4042 1866 1664 1534 4091 3607 285 4037 491 4383 867 3309
4040 3889 2106 87 539 3747 976 701 3770 2349 546 4713 396 3378 825 1949 747 963 2220 3514
1264 2263 2136 173 250 163 909 373 245 1892 1528 841 3075 2760 2760 4957 1165 3564 1800 304
764 3814 3416 4458 855 471 4849 4849 3234 2263 971 427 3169 2000 2000 2000 378 209 2248 1994
3656 838 1576 2451 979 4626 4151 2349 80 4096 2483 1465 3504 949 491 2500 2365 1053 1393 4666
2976 4091 1247 3166 2894 4703 2436 245 2066 1919 1888 4611 1815 4350 4230 1268 4587 1474 1987 4007
2452 3730 4514 315 3694 775 4032 2505 4469 49 1512 3926 215 1202 4842 1973 4392 3852 3822 4230
361 235 2436 31 4004 950 2963 3579 4273 646 680 4358 646 3882 1548 4041 2368 1322 2970 4686
2013 87 4372 3735 1605 4424 1063 4991 173 1290 4317 119 1144 2775 704 786 489 887 2672 3182
4127 719 4163 2370 3439 4066 3057 3076 4723 4518 2537 3306 2415 4327 2599 916 291 4144 2656 306
505 626 833 390 2891 341 3200 417 2656 2472 104 719 4640 3728 3224 1729 2545 1975 2980 3891
1414 1711 4743 111 372 2152 4208 4248 4363 1592 2218 4110 4768 2701 3954 2682 919 1870 4207 927
3523 1169 3572 4587 299 3401 1450 3780 1237 2845 4210 1117 4581 2403 349 2729 3948 3046 441 3540
3949 2992 3692 1992 1188 4391 4674 3203 2951 1575 32 3020 1653 4903 4043 3984 4877 4614 3134 1524
913 731 2707 3231 2263 1436 1653 990 378 1319 4994 315 173 1688 4101 1077 983 4253 2693 4720
513 4081 1972 3870 1108 4571 1488 2306 315 896 3618 652 2770 2974 4990 4511 4630 4874 3735 1569
3918 886 1908 1834 1023 3608 378 3315 2537 4855 60 2672 1732 1664 3535 4161 2902 4758 1496 586
1972 1581 43 4506 1237 2744 2032 4579 4238 2306 4972 1108 2579 1409 4160 3303 4363 2490 2338 305
3572 334 4560 825 2903 3972 4913 4055 527 48 3007 2174 2643 1284 4993 3234 3887 3774 2512 2205
1711 4758 2414 926 4586 106 2711 1597 3964 2089 1309 1981 500 233 1528 4369 1884 2436 9 3487
1791 2118 4637 2479 607 4893 2472 4883 1512 4543 3285 735 1077 1189 1888 741 875 2613 3257 1728
2108 417 3866 4055 2286 521 2058 3285 3465 4367 4855 548 3994 2128 3179 4077 1077 597 2951 446
1097 3254 4347 1909 2099 3694 3786 1146 4550 1575 4110 3043 3653 3136 170 199 2281 4538 4538 393
2983 1925 4718 2184 4000 3013 2111 4606 4391 4553 3822 2267 2941 235 3598 165 1787 4001 2436 4540
4477 1006 146 2343 2600 1250 1814 1887 3806 4560 2397 1597 1529 1678 4842 2286 2922 506 4653 4321
2051 4877 3154 3618 1230 3684 4987 173 716 949 1063 2911 1201 3514 4954 4210 568 2919 3906 1972
4747 3224 315 2249 506 1946 2789 2072 277 1090 1858 4994 2166 4571 1183 893 2539 4427 3866 2306
385 2531 417 2679 2015 2760 4055 1251 1152 1885 1264 4267 4900 4152 2489 1482 3368 4932 4736 441
2281 3908 4822 4832 491 2234 4483 1091 1924 2181 4832 1836 3930 930 3150 2494 30 3132 1814 725
3918 2782 3234 3686 3694 1287 4365 658 2190 3926 4417 594 4496 2416 1610 2509 4341 3194 40 3788
624 1108 4213 1152 1140 567 333 881 1437 4660 2225 183 4976 3075 3380 2696 4951 3823 719 3786
1787 2068 2068 4667 2657 2375 1899 2328 4207 3560 4855 3366 2742 1737 2068 237 2370 2940 4373 3285
4175 2748 2497 304 2672 1313 1360 1787 2118 2842 2929 1941 525 674 2191 4060 407 245 3714 856
3607 2070 2969 4804 1617 3425 3179 3303 3930 4549 4838 3322 4481 3075 3120 1484 1079 3116 1970 2947
2231 2248 1333 4738 96 183 3337 4869 3337 691 1099 3872 895 3887 1584 1545 1160 3460 1508 363
4649 2207 4447 1392 1088 4672 1870 4273 2591 526 2575 3099 4069 1870 1043 2325 1881 2015 4037 4412
1560 3383 2015 2821 4360 1781 2959 3101 3379 4099 4107 4819 1088 2471 1199 2897 4988 877 3523 4549
3694 1361 2352 4824 887 4844 2275 3249 137 586 4994 595 209 2640 31 3160 1598 4151 2258 1584
3918 886 4127 3281 1445 364 76 3009 4047 4987 2480 2294 1267 2848 4332 2696 2789 4000 130 4398
2789 3315 858 837 586 3874 4713 396 2220 1598 4674 3926 3556 4571 4183 2118 4041 1742 718 4689
4175 4987 4098 4758 1903 2511 3564 586 3204 3122 3494 872 3540 1431 504 4000 1372 2106 1529 3195
1354 1462 179 1576 775 1276 4573 1333 3836 882 1557 2855 1896 2015 4567 3350 2851 1506 2015 4750
4243 1837 641 2859 737 1922 4998 4341 3890 3521 506 4519 670 2889 3171 4738 2076 2631 823 4219
1188 419 390 1323 3575 2209 4088 4544 2306 4078 3940 1749 1722 466 2004 1323 1339 815 4698 403
3607 4273 3380 41 2005 66 2904 2099 4359 3120 3637 3798 1622 396 1222 4037 3785 2359 1919 1035
1576 4932 2527 1946 2951 3601 2716 1256 3156 3763 1575 1260 4852 2166 3630 2716 4564 1075 4773 40
4000 4511 2058 49 1091 4784 4581 351 2785 1799 4784 3869 278 4163 4152 2136 744 1423 2451 4377
2918 4517 119 2727 1008 1438 3425 3176 2132 1753 2789 2479 527 1438 128 3285 3874 2865 4698 3695
1436 2531 2691 3098 1575 2911 2642 1549 4674 4844 41 2781 810 2379 4699 1221 165 1785 3502 2126
3416 1865 33 4051 1922 1413 3063 1982 597 3607 3918 1623 3380 1545 4330 4330 3390 165 3683 2710
288 4538 831 1222 3514 164 2148 2947 1345 1693 3984 2136 4078 3596 3098 3230 2760 2237 2338 4668
1972 1837 823 1461 3306 4238 1368 4019 4687 1731 2042 4758 640 3460 1087 2657 3927 4255 1165 2899
2489 2015 4623 1182 730 82 40 3869 1650 3314 1794 1703 4323 3075 1177 945 892 498 3835 1752
23 2032 1333 1459 999 4837 496 1966 3982 4326 239 832 1743 4051 2520 3084 2519 878 4909 723
518 683 1099 3321 1088 4758 2308 2744 4711 3991 830 4152 3915 916 4883 1981 2663 2542 552 268
1404 2942 2760 1023 1546 3828 1339 3310 4363 3784 4664 2904 2436 1793 4538 372 2456 417 384 4538
2657 3523 3523 3042 653 3705 4538 2650 1980 3978 280 2468 1076 2451 1072 112 754 2514 2013 742
137 4213 3637 4707 4343 304 390 2 1246 4698 954 3285 3874 2057 3523 4462 377 3729 4485 1834
3999 1787 3574 3313 4123 752 3134 2989 3444 773 968 4435 3148 318 304 4395 3280 641 4432 516
4527 1946 4105 1146 4479 2624 3919 1474 4696 3306 1017 3348 3134 377 1461 1096 835 1368 4326 1612
2521 1898 2806 2944 173 728 1641 4680 4686 3161 356 2644 3694 1933 2402 3504 1856 3432 4302 4378
2250 1439 3927 725 1716 823 1058 356 2389 825 1222 1994 4058 2419 48 2211 3575 3926 3206 84
4452 2083 3232 2181 1374 3254 3887 2010 3200 1664 1290 2644 323 2480 3918 4555 2711 4031 790 4632
1111 4194 4039 4830 4096 2557 2843 2340 2249 2680 2502 2174 2970 4373 1182 1693 154 2834 2942 1593
4000 1409 417 1550 433 3896 4572 3683 4800 3984 1913 2863 825 2499 3843 4127 3682 4662 4637 3416
449 804 3874 349 1426 1216 1545 314 1778 1099 2736 4800 2481 1903 3954 3529 4099 2274 2139 2191
4815 3937 3927 2464 344 81 4726 552 2835 1881 288 4723 1315 523 417 1055 4566 2947 2509 4359
2842 15 2212 1972 3119 1617 2071 2865 2436 1017 4998 2234 3261 3765 4538 955 2073 506 3523 4686
1597 3279 2789 818 3430 1163 1827 1090 1333 1155 1787 3374 661 2976 3225 1691 646 2302 49 2237
4276 719 2970 684 1888 4132 3207 2782 4103 4819 4027 1109 2716 1983 41 1686 1875 2707 1904 3144
1551 1054 2146 2603 344 2410 3075 2760 2211 333 1858 731 765 3231 2667 2186 3887 1121 2148 2904
2909 829 4227 3311 1576 1242 4757 2974 1040 3291 3918 3281 451 4373 1431 4561 1961 3285 2058 3575
4435 160 2781 1354 4019 4946 4037 109 1448 1251 3200 275 3874 677 3991 3197 2281 818 2842 1439
4964 1036 2907 2880 552 1088 4084 2942 1465 2435 276 3891 278 2338 3786 51 1154 2014 3798 2377
1361 428 2412 372 1586 1344 1327 3919 3572 833 4330 362 3372 4458 2114 2507 2202 3913 4152 3981
267 4158 3153 4031 454 3967 1787 1154 4048 515 3211 1191 1814 1645 4037 3672 1096 316 4127 4496
1989 2221 1323 4976 1487 4202 2381 1670 2495 3095 823 2527 3530 4163 4451 2851 2695 881 2205 559
4332 4849 135 1077 3514 378 4126 3887 3714 4564 2536 1883 4707 938 111 3540 148 1246 135 4902
1786 4312 1728 3262 2174 4518 2 629 1891 2099 373 1332 3315 3981 4184 2771 1781 2436 2035 4686
2289 1184 390 737 40 2961 2644 4070 4279 4259 3782 11 1825 862 2970 3786 4373 2302 278 3628
2363 3231 4388 3671 825 2970 900 4152 944 4691 4900 2897 4909 4855 1108 731 1865 682 3887 3213
2286 1717 2657 756 1152 390 4325 684 1540 607 882 165 618 3182 3926 797 2185 4274 1522 3302
3463 4324 3430 1597 3802 3507 2610 4948 4152 2920 2056 553 3184 2926 626 2729 1416 2720 15 4175
689 730 3136 1016 512 3169 169 1271 1622 245 2649 4987 4096 725 173 173 968 488 2278 1814
2845 4532 4279 3285 2057 2811 829 321 3184 728 2728 288 4902 2148 2370 2744 4528 2389 515 2652
3166 2013 3802 3930 618 4068 4903 825 1981 3743 570 675 2273 176 2505 1258 2098 2472 1474 4043
1972 2644 3984 2462 825 741 1268 4699 2729 4000 2494 173 666 4528 4763 4518 951 4484 417 428
3377 1837 44 185 157 3012 1474 1682 3067 1584 85 3401 2472 3401 4872 2764 3099 617 552 396
838 3200 3849 4879 3846 396 2223 895 3099 2274 795 1152 2581 695 2015 1184 2763 2839 3451 3224
4477 1361 2211 213 3226 3984 599 4959 4538 3682 4391 4444 334 2068 719 3629 3619 2504 119 1645
371 4710 478 2250 3416 96 4243 3571 556 2918 882 3643 1431 4697 4990 2372 1125 1884 2733 584
2612 1946 677 4744 3206 2249 646 3501 1903 173 646 1913 2412 2186 788 3848 3416 3319 4572 502
2008 1823 1323 4830 4758 734 819 2831 1805 3606 2599 4852 3289 482 4151 318 936 2657 2265 3872
4929 1063 3874 598 2202 2263 1368 4907 3301 508 449 4695 2711 4323 1758 2640 4769 3279 4482 1043
1111 4255 3866 4168 1130 4903 4128 4004 4163 2547 1993 2720 3694 1271 4115 2444 1718 1888 3187 4168
2853 3601 2490 1085 2672 4432 3224 2472 1370 1958 1877 2502 3315 4581 546 2696 2696 3476 1843 123
4243 176 4146 2287 4254 3835 2299 741 1475 1336 3552 291 3588 2402 2791 2478 4133 70 1037 363
2528 3984 629 1202 3081 936 867 4350 4528 327 1576 599 2306 4763 2528 2656 2368 2729 4627 4939
1972 508 1403 128 1088 2631 4763 1671 4875 711 2085 4004 3262 4088 4664 3846 3362 4439 4591 3262
838 2326 3160 4223 1453 1071 3763 3285 3528 719 4321 1896 3628 449 1466 2696 4867 1903 3349 3940
3284 2249 3879 1752 4803 2409 1946 48 4793 2947 185 2314 4065 2961 4181 1745 1664 2650 3160 2457
4031 3550 1209 4227 4265 4972 3753 4644 4519 4567 492 818 532 2709 2733 3602 1711 4086 1435 3099
213 655 1099 372 783 3249 84 2536 1978 3062 152 4469 2814 2095 209 4929 1381 2057 2365 3321
2011 4435 173 4578 4325 1667 2902 1522 931 111 4957 2286 648 3344 2334 2058 3602 1698 4333 3789
3676 866 1793 4897 2457 9 4061 4987 631 2306 3835 2696 3607 480 3437 934 1605 2465 4736 2676
2861 3089 26 2571 2472 2937 68 1745 3846 4424 3887 2857 3540 3989 3660 4363 4323 1671 1575 2917
3918 4254 1930 119 3752 1585 1997 1943 1163 409 3984 1109 3948 3048 1598 3285 4758 2057 1598 3503
1711 4447 333 4538 636 3067 3475 119 3672 2465 825 1374 3182 3234 2661 4103 4909 3530 2921 2338
2962 590 2402 2325 1468 3650 3383 4906 2480 1693 3864 3732 3590 4194 3681 3089 4667 2223 3994 1946
4528 508 2719 829 1468 2714 881 3680 1814 4055 3531 3231 186 1389 319 3842 795 2894 1360 1098
1180 3256 2595 4506 2375 974 1545 1286 2 4022 2846 4538 4593 3303 3997 4005 3310 1367 1201 401
3518 4992 2068 4558 367 579 3981 3099 3075 2764 4994 3161 4019 3452 1257 552 4586 1884 385 3138
2641 4179 2716 559 41 304 2951 4469 4538 4767 1154 314 3801 320 2644 4508 3730 2344 548 817
1333 4902 3224 4062 4469 4152 1167 1272 1989 4000 4929 119 2289 4844 1343 2375 4865 1825 2775 2457
508 2657 449 2950 2760 3973 4819 4345 2760 1888 1949 1460 165 2968 3928 3786 3274 1780 1692 4908
3039 4101 2391 2467 1597 2349 3887 3334 4977 1855 331 4298 670 4127 2890 2179 1163 983 893 396
1323 3007 3919 1787 2 2942 3984 3380 288 4163 2357 3874 49 292 3672 1997 3608 72 3598 560
2136 3303 2992 3682 3337 1835 2436 3425 70 4518 4630 841 3599 1636 1551 4565 3628 1269 4538 4736
414 3007 1088 2705 1126 1865 4107 356 1478 1345 2286 2182 4423 3866 3616 2686 1428 3384 2705 378
2139 825 4942 3136 3869 1396 3872 727 135 3415 1643 448 3509 1578 823 314 4543 348 1018 3218
1899 1549 2422 2108 585 3514 2457 2688 371 674 3267 4457 1069 2832 626 3984 183 4746 4261 2623
4029 4040 2442 719 3455 4430 3682 27 2760 4276 12 165 293 2359 4000 289 3315 3507 3920 2108
838 1481 3822 2416 2970 1895 971 1546 1183 2467 3395 2601 17 3167 1667 719 27 4063 3315 4261
361 1612 4052 3569 1462 106 1324 3502 4696 3607 2039 1298 3161 2639 2888 3146 1215 2361 4150 3984
1152 3200 2895 4116 3692 238 971 3324 4855 279 278 374 2926 3835 3350 3769 4538 4373 2500 4432
137 3967 4519 3566 825 799 1106 1508 657 4538 3719 1319 586 4341 825 2472 2068 2068 2068 2234
3399 2087 3279 385 4617 4824 794 3947 4526 670 669 4164 1901 2610 2527 2207 3305 3285 3070 2529
4560 291 4091 2719 624 4662 695 3303 4712 1964 4537 396 678 203 107 3163 1665 4762 433 3653
2897 2878 1622 3106 379 918 173 2851 3502 2644 3106 3450 1888 1254 3312 2811 4811 2985 2371 503
4587 508 2904 2491 1994 1167 1226 3153 3540 4112 1431 1168 3500 3695 395 1209 3504 1856 1628 2223
2146 4518 2563 1922 3150 4586 3777 2465 2343 677 4270 4538 4855 3070 1252 3256 3057 2922 2208 1664
2590 2136 3887 396 3540 4415 3508 185 1276 2764 3730 1800 2759 3033 795 2191 3043 3831 2748 544
815 1522 4059 2047 1514 1787 4488 1437 3622 825 152 2454 1521 1637 3611 3261 4099 444 4738 4547
2959 3508 1919 3874 952 2469 2234 217 2846 2760 1414 3337 650 4909 4726 3637 40 113 1459 1650
13 1305 3238 2046 2644 1766 1376 3430 1546 4555 4863 1924 3089 285 3362 806 3509 2701 2894 3502
33 524 4014 3747 4101 4883 1971 1376 276 2139 3835 4068 252 4575 1481 3984 491 2865 3788 4878
2691 1946 306 506 3715 1179 4538 2535 396 978 3103 1769 31 3954 1888 2836 673 3218 4415 38
4383 1409 3835 2713 4127 2922 741 3835 813 2811 2212 617 815 2420 4321 245 3694 696 728 895
2644 4163 875 4323 3611 4155 1670 3230 4763 1785 377 3773 3976 927 3550 2013 647 731 1795 938
137 624 3998 775 1881 4792 3940 1436 2344 2888 2543 3630 4954 4477 2992 4524 1576 385 3330 3230
467 1099 1416 826 1758 3119 3360 4207 3655 4289 1566 3938 3207 793 4915 2278 522 1154 2657 2804
4758 4827 4860 4998 642 3572 4103 2263 4181 245 640 4908 3130 2656 1815 3519 2068 695 4158 3326
3694 3874 4519 574 1284 2947 4640 417 3167 2789 2136 4277 4051 3949 417 1946 4451 660 4457 737
4452 3628 3811 2714 1742 3822 257 344 4998 719 294 1784 4330 3695 4116 38 1193 4055 2729 680
838 347 683 4101 838 3948 1994 3730 3554 1688 1146 3729 312 2436 2451 4161 646 2563 449 617
838 4273 4357 2676 731 2238 3200 3790 3474 4492 1201 3303 1884 1576 2463 2286 1970 1251 209 4058
2588 23 175 2402 40 1169 2762 1777 3512 4320 838 2948 2000 1852 2389 289 4646 199 825 2974
4528 3874 3098 3961 1406 291 3835 4792 646 3698 2969 3540 1190 3730 674 1440 856 586 1603 731
838 372 2279 4276 3370 4055 646 2961 1209 3013 1981 3225 3134 3874 552 1664 2855 2531 86 3984
1323 2263 191 1107 4502 4896 971 2612 1320 4647 90 4155 1881 4127 4274 3430 2922 2560 4103 33
1264 4103 1723 1326 2534 3481 4062 163 2253 917 3894 1996 992 1051 480 1688 4268 4447 3611 3445
3416 611 3575 1413 719 2479 2941 1260 3874 4192 2219 2393 2136 4000 140 2179 1207 3070 1729 3153
4758 4126 3785 1728 781 670 4168 2163 1888 1888 1472 838 41 4544 666 2057 4219 3224 3010 15
2289 599 3285 720 3234 4062 3584 3284 657 2809 2497 1092 2365 4632 4279 4994 1785 4246 3285 4960
4181 48 2892 3469 135 2711 4908 1975 4758 1175 1884 392 3588 391 1696 2367 1814 4903 1504 1096
4102 449 1800 3981 4538 181 4809 4990 4066 1191 2519 1438 2186 3887 2519 3811 551 2777 1853 2281
1753 4389 2497 2834 3694 3835 3786 1474 1989 2071 2166 3984 2728 1165 4508 617 2890 1800 313 3112
3284 2953 753 1834 3829 2951 2352 1226 2013 4014 4464 3611 4152 3643 130 2729 3004 1597 4391 2281
3260 719 4660 4300 3607 3248 3389 761 1664 646 4767 3731 1641 933 3523 3575 3926 101 4996 589
3076 2511 1059 734 2286 4988 1271 1576 505 3216 2633 1701 2488 1040 1162 4151 4151 384 3240 2890
1307 1787 3694 4845 4464 1459 3236 2450 2435 2624 2136 4946 3888 4242 305 417 4567 4855 176 4830
354 3879 1252 3256 4117 3389 1688 2397 2657 3786 4832 313 780 3285 3786 4181 548 176 4295 1481
505 3316 830 700 417 40 245 381 443 2234 1597 3224 534 4364 4484 2865 2644 2205 4486 693
4743 945 719 3861 2987 957 3886 1231 695 3108 2707 2325 2794 4273 4362 2650 1440 2436 2371 604
3588 4342 1539 3487 738 4674 4152 1162 990 3667 2672 3481 92 3067 2512 135 356 725 2531 4041
1438 3763 2714 633 368 1353 3348 3489 1994 741 4269 1888 3478 3763 1867 3786 2283 4130 2533 2918
99 515 4735 3608 2265 1464 1140 1967 3044 4055 2068 2068 2758 2068 2068 761 1787 1528 2846 3781
3519 1545 289 291 2639 2624 4041 4478 4505 3234 3606 1146 2850 4648 49 4152 3629 2810 4450 4660
2146 938 3585 3494 3697 1626 2748 4677 3285 4550 3887 1529 2472 1189 4363 753 4373 3874 288 999
3995 2675 4726 4990 3613 918 378 1295 2889 3442 2136 2603 719 2554 4317 1870 1664 3158 24 3277
2882 4907 4645 4538 1997 1584 3166 1566 1429 1059 4656 417 4511 2944 1920 2843 1154 4656 3887 4054
3587 4436 4514 4572 3068 4163 1538 176 1766 4549 4754 4275 2446 3566 163 136 135 574 4736 2910
2528 3749 4416 1943 962 4883 1838 1622 2402 695 939 3142 3800 3254 823 4929 3478 3897 2989 3584
3477 2806 1981 3527 4550 2861 3494 3697 1703 4151 4241 4151 1898 1480 4484 756 2191 1368 2941 2375
3430 644 2136 31 4985 1327 356 3240 1419 702 2965 2415 3961 3874 4514 4538 1858 1059 209 68
4493 3090 4861 3470 4812 3509 4869 1376 4540 3695 1803 1461 176 2939 683 1576 333 1059 1444 390
4453 1787 674 2415 4871 4063 1088 4469 2771 4945 4151 818 1455 1022 990 646 4674 4711 611 157
4175 660 4175 3887 635 753 2073 1089 766 2361 4055 4517 15 3887 4643 4427 4095 49 1812 2212
4998 4275 2464 4594 973 2695 665 719 1758 4000 2696 278 1250 3730 2970 2897 2871 1344 1222 4727
2629 719 4163 4004 586 3020 3962 2894 1525 99 2190 1767 4392 4766 2944 4767 3984 1985 525 3158
2892 3463 3874 1621 954 1545 756 4810 2899 3634 4447 710 2343 2855 2185 4973 646 1624 3372 998
1972 3694 1163 4785 1833 825 4438 3861 4286 4037 378 1974 1442 3901 3373 2263 1465 3607 3216 4152
305 4915 2071 338 2166 768 3026 3521 3869 4438 4763 1435 4908 119 2494 4879 4027 4586 1459 2861
1439 4538 4538 4339 1564 3691 719 3695 2015 4087 4664 1793 4055 2286 4769 877 1118 3344 3887 1682
4495 4998 252 4538 2711 4826 2383 2732 4151 2057 4208 1854 538 4151 2769 4571 2225 769 4037 3528
3274 130 2865 417 4000 3134 2135 4538 3658 3880 4103 4538 2338 2821 1323 3223 1777 2102 2965 3285
3918 2289 1884 1910 3341 719 3135 356 725 378 810 1598 2947 3132 4458 3986 3059 2531 4076 1647
829 1323 3523 2479 37 3285 3440 3596 1177 4626 386 4191 1040 4175 2601 135 414 342 2322 3829
1860 1883 3166 3802 209 3887 4037 4851 4432 2084 1812 1598 2947 135 3803 3301 2977 823 3395 2375
10 1860 2071 4246 1040 3765 471 4243 1732 1635 4837 3948 4254 3999 2680 4176 1787 1031 766 2110
3236 1036 2981 417 2314 4992 1854 2652 2512 245 1453 2756 4323 1560 2657 2760 2106 992 4343 2728
3607 1647 1091 1942 2610 2344 4929 1286 3534 647 1596 3285 1796 1766 3782 1987 1850 1490 3123 579
4102 3429 1321 4973 506 728 1603 3038 3879 694 1791 3887 399 3315 2610 417 3583 1980 4330 492
2457 2568 2232 4544 2970 4130 1284 670 2504 4014 705 721 3388 4371 4758 1228 3460 2939 3388 3230
99 2274 2941 1260 4096 1757 2704 3636 4181 3094 2730 4538 1866 1557 4276 674 4123 4855 3004 396
3694 2393 2588 556 2523 3161 384 3887 3633 2865 2644 3319 4055 1057 825 4037 1914 3477 3437 4614
292 2268 2535 4143 4577 4158 2858 3285 2550 4852 3961 4175 384 3284 396 3786 235 2205 1071 73
689 4427 2556 4686 2393 1163 2460 3542 3874 2601 4205 1139 607 4471 500 586 1403 1073 2748 2713
2402 1581 1946 1177 2785 4478 3119 1888 717 4571 3595 396 2212 3874 3572 2708 231 1182 1858 2729
769 3379 4636 1982 3782 3695 3746 2662 293 1595 1664 2013 2139 646 4294 529 3872 49 4101 364
4170 2765 744 1396 492 602 247 3858 2860 4855 1453 2693 1545 396 2278 678 1252 2941 3706 2631
225 2110 719 4861 2781 71 600 1997 646 4738 1221 4448 314 4900 4865 1568 3254 262 2467 3887
1593 3521 3540 315 2253 1726 795 2472 3730 3205 2737 775 1800 1946 1881 3285 315 326 3682 2633
753 2361 4469 2644 836 1612 4691 4951 2303 2941 2748 1017 621 841 4530 4266 983 3773 2058 4363
3483 1557 2966 3788 4048 1438 654 3509 2286 4596 3169 1442 2365 3389 541 1950 2692 780 3166 1952
3683 2478 384 1951 4321 2733 4036 3574 1482 2338 3004 71 4273 2402 3765 1756 4649 2493 1834 1330
4506 1669 2091 3285 2657 1619 3285 2719 252 3084 248 3329 677 4325 4666 3875 1057 2158 4279 3087
3918 1031 2081 2759 1059 3099 371 1057 2359 1260 814 1858 2108 3352 4479 1243 4260 3425 1108 4571
4998 683 4101 4168 3460 2792 85 506 4582 597 1994 3233 4861 1262 1209 372 2274 1546 396 719
2833 238 2811 3874 3679 3521 2253 725 1413 2612 533 2205 3156 1912 2976 1874 882 3302 3256 4809
3236 2511 1557 3171 3494 356 292 3134 2695 1972 1785 2802 135 578 3854 1787 2436 4852 4533 2445
838 4758 1697 2013 2541 2571 1842 1215 586 396 1637 3362 802 1545 503 4255 3954 3829 2278 1238
1766 4990 3300 741 2705 352 2704 838 3618 3948 2414 4014 378 1409 2198 3217 2727 3118 486 2590
2627 4939 3332 3469 3575 3962 218 152 3388 385 3869 96 1975 4852 3951 3852 764 4062 680 1250
2486 4957 2465 1333 4181 2760 2760 4874 245 4681 2305 2305 3234 4240 1011 356 3312 4681 1040 1545
829 4874 4549 658 3349 949 1555 4850 2851 4544 3420 1534 1438 2263 3230 3978 4028 4019 3205 3440
3575 3048 3887 911 2191 198 2205 2402 4874 1315 825 378 4538 2535 1419 396 3031 730 695 4988
2947 2123 4695 3285 1799 2212 2234 855 135 2516 2401 2711 4310 2894 3730 2087 4721 1073 3890 343
2171 2985 1466 901 2688 1154 4260 3821 2306 3604 3676 2249 2436 3230 2121 4855 4152 293 1994 3361
1143 3874 1238 2802 3611 947 4572 2252 1179 121 1040 4320 1814 188 1664 2691 2435 1856 1664 1870
351 1787 3277 3835 291 3474 81 1462 2657 4908 2894 1981 3202 92 1609 3504 1729 4451 1172 1150
1598 4163 4108 3430 4281 1333 2560 1883 660 631 3034 3213 2375 2902 3679 1205 4069 333 2554 1409
4926 2072 3730 2729 2588 3658 2264 3200 2072 4490 4809 1956 4377 456 1815 4924 2010 616 4651 661
2789 3800 630 1598 1466 1650 1747 3328 4686 261 3305 4572 4363 4479 4277 2737 2510 4330 2695 4786
838 4809 2454 2731 1814 1664 2305 414 3346 3415 825 3285 1168 1438 1154 4528 2193 4592 631 233
3502 292 1339 3984 246 2000 730 4323 3075 4495 1949 4127 2209 818 3730 1059 227 2281 2278 4582
3918 3155 2151 4514 4895 1787 3855 935 3611 3057 4736 2514 768 356 884 2472 3430 1481 2056 1468
4838 1914 2815 283 2402 3350 682 278 4832 1997 597 484 2679 2937 1256 2191 3977 1615 2404 1545
4998 3184 76 3940 169 500 933 3618 2371 4727 2115 1946 3218 3922 3634 1729 4698 1442 2570 1700
4767 2286 660 1598 297 3989 609 4759 2240 38 276 4330 1019 1952 551 3634 769 1671 1552 1125
2414 3483 4152 769 4431 3835 1268 829 3540 3730 3763 2251 825 348 4207 1648 4511 2921 2286 3874
315 2249 1919 776 2463 1985 1292 2866 3785 4321 730 216 3007 2985 4360 2465 3611 3834 2281 3229
752 1539 1929 646 1664 26 4103 3540 2359 2015 4210 1117 710 718 1565 1450 2791 2715 1036 1064
3187 1745 363 2359 245 4723 2135 4528 448 4019 3835 2608 4267 4528 431 1977 2381 3068 4000 3119
3918 1539 635 4987 3226 764 791 3637 998 2368 3437 792 3763 1407 551 2278 2143 4405 3134 766
3563 3351 2527 3717 491 3148 2367 1742 1595 4543 3231 1605 2921 1272 775 4008 4188 2829 3231 2205
3148 2370 72 49 4152 2117 3401 998 494 2664 680 3739 598 1446 492 4861 4292 4581 276 3652
4795 2806 1787 4939 1676 3913 4817 4965 2287 2600 3848 4431 503 1143 4290 4844 2140 4924 3349 523
1388 3172 2644 92 2207 1458 999 2728 2911 1722 1226 2940 4431 313 3874 3596 833 2560 2693 243
4152 938 4451 2702 939 3507 3439 3267 3835 2911 1023 2474 3666 2675 67 4071 2983 1163 634 4373
1989 1952 2736 1787 3285 1533 2711 1651 2578 4323 1598 2464 711 2657 1197 1528 1558 4037 3236 2865
3727 2055 378 4286 2729 1154 1136 1704 3887 3552 4630 4245 3668 4832 1314 3984 2851 4391 1684 1814
4715 1388 719 2793 3643 3617 3166 3835 734 1629 1697 3494 2035 3386 3169 3563 3073 2057 4876 4138
3234 2152 1287 3918 4127 1989 818 4626 2402 40 526 1154 4985 1361 417 576 1780 2478 3511 1888
2657 2032 2903 3409 8 4502 3067 1371 276 2139 823 2001 1728 3607 2966 655 4063 1946 48 1184
2452 969 3945 409 4103 1163 1725 3652 1752 1209 2174 3890 404 3439 2472 1054 2181 1311 173 3890
3607 3366 1561 3366 1731 110 8 3194 3337 2258 4477 3601 4479 2370 176 3786 3604 51 276 1698
4998 1946 2789 3507 137 3030 4302 4743 1897 2868 4000 3119 379 1290 3469 1883 4987 1941 2708 135
4175 3472 3844 242 3075 2696 3216 2515 741 4689 1576 2903 1967 4816 330 2598 2945 4654 4548 417
2227 2729 1946 291 4607 2707 1787 2942 3056 2644 4698 1710 416 1030 2011 4388 500 3469 741 4809
3200 4538 3540 4364 1017 1438 674 2681 417 417 417 1442 3161 4877 4895 3504 3166 490 1324 223
4495 1985 1576 780 799 2824 3484 1040 1785 715 84 3661 4942 695 1964 4465 939 3982 4519 2760
829 4537 3078 825 2211 2610 3213 2813 1287 3469 4363 1729 1459 135 1201 983 2143 4051 2963 90
1323 3429 3389 1319 238 369 686 1576 2922 378 1934 2106 2074 4055 319 4758 4668 1459 1785 4987
2289 346 1779 719 40 283 1091 2191 4108 4168 4819 1518 3540 2359 4495 135 2764 2680 1223 3786
1972 4465 1054 841 2672 3079 176 4037 3285 3874 3675 1597 506 1924 764 4363 2526 4538 696 4411
2888 4435 3076 2205 1421 4033 647 176 2578 2786 2286 4656 417 2707 989 3874 4479 3611 4006 2615
758 33 3310 4480 3607 2760 409 2790 2839 4876 1647 120 3089 1972 233 1681 2657 3607 1197 4396
3236 2232 4363 1740 1430 3918 1361 480 3166 3826 646 4027 4903 3829 4151 1898 586 3238 356 4549
3527 2054 3603 662 2343 3757 135 2253 3706 3602 2894 3206 2740 2213 1708 2782 3889 2306 3469 1168
1686 1610 1837 3035 4804 2877 4520 4320 1827 4007 4637 3706 1168 4135 4101 4629 4056 305 2491 2191
449 1859 4207 1794 4288 2304 4448 1009 4564 2729 2922 3164 625 185 3651 1088 4492 3303 1888 4600
3240 4451 3267 3835 1230 3134 4941 1339 2675 4972 4758 1525 4276 4960 4076 598 3967 2479 4034 4538
1972 4515 702 3786 4697 4388 3268 356 3511 4613 4151 1085 3799 4758 1169 2528 3527 129 1866 4293
1313 3224 418 1771 2533 761 1548 2185 1785 152 2263 719 4163 489 4285 1016 1620 1884 3278 4037
2657 3656 1888 3285 4538 364 3628 2436 2412 2929 359 238 4614 3042 4664 707 1980 3757 1989 4373
838 841 4660 3984 841 1309 913 3348 4241 4207 2238 1462 1818 3866 2073 3638 1109 670 3607 4036
2139 2081 586 4323 3887 3334 2904 3292 756 2436 2908 2613 1312 2209 3882 3312 874 4101 2289 1052
186 2631 4816 4162 1169 4606 1130 3540 1971 323 634 2414 4514 1638 291 2000 4099 646 1746 292
40 99 2942 4000 2821 2612 819 130 278 4331 1266 2533 4904 2669 4538 3491 2874 4805 2263 2453
1404 4363 3285 4341 2211 4842 2851 4586 1414 2537 4774 40 3622 4988 1453 31 4168 2568 4231 2549
4458 3798 2653 2760 2527 1479 4991 3695 4726 1040 3514 1182 4908 3043 4903 101 3099 3256 3666 609
3605 4878 719 2313 3611 2872 534 3896 2325 2939 3870 3606 2213 2736 999 1023 4758 3961 3874 3098
489 217 3694 1260 4909 635 4345 1838 1653 3718 2610 4068 2011 818 798 1240 1226 4743 1856 3748
166 1059 3033 4341 1346 4526 3095 4342 1646 1102 2099 267 3194 4055 1154 318 3120 661 556 238
351 2495 1787 169 3315 4895 248 3730 1043 2191 4020 945 829 3166 1151 3738 731 4350 2436 4858
2231 4055 2799 91 2760 4277 615 1672 3514 4373 622 951 3660 4909 1663 1261 3089 2202 3309 3207
3243 3874 642 2872 1676 3513 4929 938 1368 4401 3062 152 1993 4929 1546 183 506 3315 1209 1323
2814 2959 4127 3540 4037 881 2872 3313 1108 4855 1083 2623 2248 4824 4243 3303 58 2631 4844 2255
4284 3067 4392 3081 3405 384 1487 4842 2961 1595 385 3521 2126 1173 381 3683 819 3989 4503 3182
1008 2207 3552 3972 4342 3278 2465 1844 556 1410 3238 2884 3189 1539 3930 1439 2169 356 3676 2148
1059 1629 1447 1386 40 2781 3042 3607 321 4908 4110 291 4255 1339 746 1943 4695 3730 2036 2149
3416 3784 661 3344 1680 3940 1792 2760 4614 3738 4452 361 4549 245 4979 4549 394 3076 2934 3564
3013 927 531 2921 385 560 4637 4766 3604 3608 4994 1795 2966 4519 4769 3917 2704 1237 3064 504
4990 3226 1272 1678 2811 1755 4126 465 2701 4572 240 4686 2240 2657 188 1540 27 3920 173 3852
4164 1605 2531 2442 3572 3814 4062 895 491 2497 779 2010 1838 3300 858 1665 4037 4464 682 3123
1382 4286 1438 1758 176 700 381 3033 4323 2128 2942 373 3695 1409 3138 4385 1097 3572 4152 3984
3469 2014 4918 2856 2578 2629 825 837 938 1784 1017 3933 32 379 2359 392 1972 3622 4210 2375
1828 1136 2371 2937 1646 1405 1040 1154 2865 3075 3515 2306 3695 825 2707 2371 191 2480 3581 3580
449 1017 417 4259 4853 4538 1122 2011 1240 2485 836 719 830 3042 2531 417 4376 4900 2702 4261
4758 4730 4115 417 2780 1865 1127 2696 2793 2451 3706 578 3041 993 2793 4062 3607 3313 2213 786
729 3829 677 725 663 2166 699 2951 4037 4345 4852 3922 1863 3430 2281 644 1713 4518 2535 4538
2844 313 1598 3503 4528 3504 2571 3682 1619 1947 2292 1077 1648 1691 1836 3164 1073 4194 3699 2436
4452 4243 3296 1814 4532 3167 3007 4036 728 240 3984 926 3737 2784 1146 3984 3695 2707 2056 725
2657 4338 2899 3460 1598 1136 4581 2479 3982 2089 586 3920 3728 780 2209 2082 2472 3716 3874 352
1059 4342 3249 3874 1075 4969 506 3919 3783 2004 2961 1481 1413 4047 1706 4473 4514 2693 3521 2729
3285 3995 3509 3523 2744 2281 2951 3163 2371 4727 3038 4181 1473 4098 3940 4554 1090 2139 4317 2414
2528 3200 4674 1154 4119 2402 1406 629 2278 4538 3747 1322 4424 2720 2116 1967 2202 2894 1632 1113
26 938 906 4698 4417 3094 1413 3730 3866 1909 3414 4306 4639 3337 1281 4128 3632 3158 2472 2872
616 3166 4421 3234 3527 2597 378 473 2720 291 2451 3631 1581 1522 840 1360 245 4060 3643 2402
3256 2982 4523 3653 2947 4051 3981 2098 3507 1566 3540 2461 321 173 3629 163 417 2676 3103 2528
838 4105 1350 794 2708 1252 904 1378 1787 881 2912 1091 3165 1290 1196 228 4058 1154 1419 4055
3607 3852 3216 210 3238 1318 1575 1800 1054 3303 1134 765 1271 858 2090 764 3923 965 3682 3530
2402 3007 321 449 642 1785 1728 2214 1146 1323 2150 4247 792 1671 3171 173 266 4207 3680 3460
4710 2380 4564 1179 2729 3330 2628 1184 2263 1453 4637 1131 4686 1350 2147 3699 4318 2013 1669 819
1154 3984 4890 4329 417 4723 666 1973 909 449 3390 2013 1629 4103 2988 3075 38 4711 3265 1823
3243 299 4809 4964 1834 3057 1946 494 3873 1888 1474 4573 3948 4638 333 3120 3974 4163 4573 385
3504 4332 2511 417 4000 1133 938 1064 2544 220 131 2371 4385 1632 375 4363 1040 2182 4245 4676
3200 4538 2114 4660 3938 753 1465 2099 2305 3630 3184 2714 3918 1866 1529 4483 310 3928 1316 26
1289 119 3527 2610 3056 3158 1209 2409 2191 3889 3098 3940 4014 3136 551 2272 3682 3682 3699 1295
3572 3874 4892 130 1728 4664 4909 3639 1442 3978 1785 2372 3099 622 4674 2212 4710 1597 525 3683
246 3091 3773 3131 3523 3721 2258 1450 4511 1199 4538 1997 827 597 2191 381 4852 3083 682 3211
2494 3940 2728 2809 4421 2945 4271 2205 626 2274 526 2464 4040 4855 1578 2483 3008 4873 3262 1512
1787 2729 3076 3926 2439 1994 3855 4019 3098 882 1809 4538 1190 356 1199 3984 1667 4713 3550 4151
3078 3154 238 4190 2720 867 2251 548 1598 4714 390 871 2454 4268 342 2811 3056 2672 3607 318
829 3291 4163 1528 1504 1386 252 3607 3606 3628 4317 4760 2062 3489 1866 3504 3503 3134 1925 2702
3166 3802 2707 4215 384 3800 1645 2278 314 3763 3814 3523 3057 4367 2212 4845 4210 4079 396 1637
4518 719 1431 4051 4457 365 3204 3722 1119 2502 4628 220 2719 1438 488 433 2274 1332 1994 4607
3683 1946 3119 1730 4908 4258 4689 624 4572 2665 2051 4031 293 2949 3405 2644 2220 901 3889 2695
4163 433 4333 4197 3540 1868 3531 480 3981 262 314 3138 2631 240 1089 4502 356 4405 3828 238
2286 751 3094 2231 1873 3979 2048 257 2630 1823 3172 464 3285 2938 3701 669 3166 4838 718 3018
4763 2207 1667 3101 3284 1572 840 4608 3631 2789 3847 3278 417 4342 4051 2300 1545 2888 4413 2248
137 2402 4496 3205 4363 4495 1169 3358 4906 2359 245 1594 131 2941 776 3262 278 3967 3070 3943
3236 199 3285 2174 4218 1113 670 4152 176 2586 2130 3478 3887 823 3686 753 4108 176 3730 3789
4898 1789 3874 1649 2451 173 2486 1994 2631 4571 2729 2254 2263 4350 2114 4424 3977 3731 391 4477
2212 314 3682 2300 15 4279 730 3800 882 68 996 3514 4785 3101 266 4477 649 2766 3817 2865
2845 719 4163 3548 1279 2779 1922 2402 728 3727 2713 2389 1029 2644 2278 4000 1543 2000 385 449
4175 2432 4435 4695 3984 1090 4976 3852 2872 3075 3827 3286 1757 1670 3236 2730 3981 48 568 4855
3918 1731 4342 4785 2254 2861 1667 4331 1234 17 4000 1356 428 3268 3083 3268 825 3695 1787 1179
3656 2842 3874 2263 2954 40 430 4723 3285 4350 568 3587 1403 4175 1750 1742 866 1622 162 3477
1360 4081 3653 1305 4793 2402 4903 199 3214 443 2041 4137 4898 1017 4420 229 291 2305 2058 764
4819 2762 889 3134 1787 4323 3075 2760 1994 2417 1897 3543 3822 2782 2680 1514 4396 2528 2143 15
3416 3874 3596 1222 1850 3445 390 1664 2098 4969 2571 352 1552 641 4152 2917 4432 2204 2191 3623
202 226 2610 3514 2073 4804 3564 682 928 2089 3622 440 4973 779 1679 3863 4745 772 51 1252
2060 3920 2851 1779 616 3676 2760 2760 3067 2435 3786 571 1581 1065 538 552 153 646 646 1673
1071 2436 40 333 4754 2 649 3660 577 2847 4686 3613 4078 4502 3505 901 4698 209 291 1750
209 2396 4342 2136 2218 741 318 925 2760 3519 3590 2960 4055 2126 1522 3005 999 173 4855 4918
775 1063 1888 1569 1597 3375 1949 3904 40 40 737 4328 1545 2899 3705 1920 2711 385 3078 4181
4477 1038 4007 4178 3628 2865 556 4020 2371 4998 1565 1702 2191 4089 3523 4333 1180 2752 2657 3513
139 989 3827 3374 1946 4900 1888 858 215 1787 4323 3857 3383 833 1629 1121 1682 3874 677 4905
137 4420 1605 2306 417 417 4877 4342 1919 1549 1950 272 3315 4987 3527 1887 919 3055 2167 2436
829 22 1443 518 3814 3072 4272 3101 1086 4055 4470 346 4181 3523 4341 3099 4102 2469 2915 1328
1619 4103 1852 1584 4086 4697 4144 773 2938 2680 1459 4363 2123 1550 2921 3350 2136 1378 3044 3926
829 4998 2190 336 1011 371 4879 1791 2898 1140 2970 2368 4538 2846 3415 2939 4485 1139 2560 4286
4091 1097 3430 3741 2781 1728 4537 2402 3918 609 2000 529 624 2992 2378 4051 331 4824 449 4572
3549 3134 2650 4459 215 2191 1436 25 378 3984 2300 1257 3127 1150 2707 939 1795 2436 1974 252
1059 2081 3926 1175 246 4094 236 492 3996 2237 3303 3689 1680 3285 1354 4572 2013 94 1664 4220
3676 4105 1569 934 4913 1579 1769 4852 2200 682 721 1440 2015 818 3730 506 1800 4857 1210 646
3416 1919 3123 4161 4845 1547 4582 2465 2981 3967 3415 3231 1933 4318 552 356 3790 923 2921 2000
4976 84 4519 3700 3780 1098 2631 3360 4384 886 72 3043 356 695 1827 568 90 2316 741 2943
3607 4163 313 578 3261 4842 1522 4188 559 3469 3887 2 2160 646 1866 165 3866 3197 1809 3117
695 2508 163 4181 40 2054 1152 1546 3769 4528 1739 1209 646 3705 1261 1438 3166 3200 4939 1920
4674 4255 1787 2760 3694 2760 4447 1745 4890 731 1151 2375 1365 819 2231 4766 4723 3757 1758 4105
4758 4538 3360 4444 3268 1716 1416 3462 4353 4878 1287 417 4055 944 3285 372 2265 3114 1740 2899
4903 449 4991 4699 2639 1518 1339 1664 1989 417 3430 4227 4888 3164 2961 922 904 2222 2911 11
2657 4421 3213 1091 1574 3326 321 4210 2748 3695 3121 2303 2395 3984 4599 4768 31 687 4511 2730
3918 2047 4481 4110 3745 3535 4161 3574 4111 1946 1448 321 474 1870 2940 3391 935 2045 4981 1537
1622 715 4019 1607 3234 4902 1706 3499 2402 2313 4518 1187 3120 3285 4019 3866 1108 3856 1942 1089
3503 856 3333 3997 572 2482 1385 24 3042 3714 3811 4062 2644 3200 4163 3874 4633 3445 3236 4577
4349 3564 1580 4803 3619 3732 2057 2502 1345 607 4646 3171 252 1545 1941 455 3872 267 1088 4582
4019 3548 2402 1581 588 4869 2940 4674 2724 1222 1665 3445 3869 27 1688 48 1272 3909 4855 2352
4021 2402 1323 587 3164 4903 1011 1331 2890 768 3786 3315 3874 3452 2599 1323 4680 3048 272 4597
1323 2806 2205 3346 340 2340 1416 3540 836 610 3665 3362 3192 599 3285 4664 882 3280 2183 3483
3075 4518 618 4457 2 3315 1897 3601 1742 3534 228 4363 3206 3518 780 175 3378 715 1179 2835
579 3877 2375 13 4165 4977 1834 396 3786 4538 3750 4785 719 3481 688 1709 2381 4773 1439 503
1533 3284 4496 4243 3514 4051 3116 1832 278 3866 3395 2890 2480 4930 2286 4342 3452 304 1622 4472
2971 2782 4613 2978 896 2679 2352 687 2288 4014 1438 3714 3068 3469 601 3285 3514 268 778 743
3148 2966 3415 3305 4771 417 3344 780 4900 1707 4197 1128 3560 3173 4378 321 321 135 3244 835
4998 1946 2717 417 646 3835 378 3358 1780 1597 778 292 2695 292 3683 1722 3214 4994 720 51
1323 1946 3043 1981 3374 700 4440 708 578 3285 120 4332 1209 506 2374 4413 1080 954 2601 3135
2013 4844 2193 2212 4564 2945 3835 3682 2557 1154 4175 4161 2764 3831 10 210 779 3120 2947 3977
1885 4265 2108 4234 2 4330 2062 741 715 1260 2623 1818 1881 3285 3628 3947 1686 568 2286 1622
2146 3959 2136 4660 801 1065 2402 2430 2874 3502 780 743 855 3005 1870 2635 672 1498 99 3984
3249 3596 2409 4763 4024 1973 4364 4664 3910 4769 367 1457 448 2146 3236 4519 733 767 3182 1036
841 2599 1084 3268 4785 1313 4000 3119 881 1881 2306 1764 384 4036 3416 1121 2111 238 2656 2123
449 1851 2013 1795 4915 1431 3887 1970 825 1839 799 3767 3842 592 3238 2171 4027 4103 3611 284
2136 159 4800 3879 4464 3349 2286 2211 3874 3033 90 111 1152 1124 1155 4053 1323 680 1368 133
3918 2728 3672 3550 3874 4406 931 356 4714 2915 1865 409 2217 4496 384 4616 4851 699 3007 4973
513 4695 4396 173 2306 1964 4473 2263 2863 1485 1688 3550 3729 2468 4355 1622 4783 3954 1946 491
833 1623 2370 4064 2949 2472 4628 660 3413 2225 2602 551 3812 1938 4354 2410 3721 292 1515 4311
293 4055 3078 771 839 4647 2205 3099 3683 4264 3730 4763 2161 3673 3835 354 1183 4607 3814 2961
2452 3404 1989 2253 296 4014 2462 3963 2644 1230 342 4453 4451 3982 1164 1297 3602 2361 4942 833
1972 923 4286 892 2541 39 1088 4852 3089 4664 3699 4000 3347 4078 1797 3224 2307 1997 3960 2241
891 1461 4435 4571 4019 356 2529 4582 396 3247 2557 1122 971 2433 3619 1814 378 1629 1772 260
1787 2081 2081 586 2361 586 2036 1982 4760 4192 4233 2817 1966 3711 624 3829 3240 1994 1484 1718
2705 1629 2843 743 165 4338 2338 278 2222 3047 4411 3420 1462 3672 4472 2465 2454 775 180 1692
3694 3089 163 2237 4126 4406 2429 1787 2191 2623 3205 4202 1482 2204 4392 3083 38 4130 396 4330
2146 62 1541 2528 2724 4099 783 1824 4827 371 3981 3860 617 2397 2723 2067 137 3706 4735 2436
838 1972 3713 320 1514 2706 385 3540 954 3760 2076 1994 3596 313 1275 1158 918 4950 3235 2410
2227 1794 3884 2265 4832 1602 288 1622 518 4124 2109 1354 3930 795 4606 3874 22 4976 2782 1323
