1596 4151 2494 3984 2715 2462 2777 3585 1800 999 1985 719 3976 889 2304 3888 4892 1720 4333 347
2730 3874 1910 783 2537 4780 2 3315 1519 3043 4457 3167 3346 2059 2926 245 1098 1481 4427 570
1766 209 4511 1888 4744 1723 1838 2770 1139 4019 173 4691 3595 2612 1326 3285 4560 3502 4317 245
361 2657 2436 3572 4842 389 1545 1124 4765 3326 1818 3171 1331 775 1085 2 4207 4376 4754 491
3611 4936 3303 3763 830 725 1117 4760 1258 3417 4470 3463 3068 3164 2843 1943 332 3913 4289 4332
1008 1241 2005 4342 433 433 1333 3389 3309 4582 1883 3874 2784 2848 163 1474 4792 3360 3780 2516
4647 2941 4930 2472 3994 3874 858 728 597 3738 2843 2420 631 3874 655 1838 450 4364 2005 381
1758 4611 1182 3130 1237 4811 2558 4922 4538 1692 1438 2942 2214 53 390 1989 4844 1892 1870 4528
3575 4079 237 825 1275 238 799 3782 3730 1028 4912 1994 2371 1529 2375 3904 2724 1180 2148 2370
137 2488 2531 3041 1851 246 1989 4502 332 1571 973 1484 34 3891 1438 2610 3330 2393 1152 3822
3918 3887 3728 3785 291 1622 3514 769 1920 441 4855 926 1920 1996 4723 2656 2949 2358 3476 4511
1438 4957 396 4763 2491 1787 4990 38 2000 3075 2675 1368 2640 471 90 1919 945 4240 1503 1339
1323 4039 4102 2166 3241 954 1199 2961 768 2191 4586 3948 2693 2198 4033 939 4674 1184 4538 4062
838 3607 4653 2 4039 3089 212 3004 4101 315 3940 1870 2846 3835 278 646 3375 2943 2608 3404
4477 528 2155 2058 4553 3738 3132 3984 4271 1870 658 280 4187 635 3075 895 2571 1108 901 1997
838 3918 4763 2191 235 4095 1403 3763 4549 441 3860 279 2136 313 71 4103 4939 1647 2610 4555
3737 1373 332 4832 2631 795 1184 4055 1960 4448 3525 2062 4541 3235 1222 1073 3671 855 3637 3981
2705 2672 2204 15 718 2911 3158 4295 4536 135 1836 2480 3158 1664 1222 2057 242 2289 4213 4929
4572 4161 361 2396 1179 3730 250 3831 4417 4279 40 1997 1785 4272 3550 4637 248 4127 3540 518
4433 3098 4538 4022 992 485 1386 4963 4763 209 4623 2688 3134 4367 3631 3874 3160 4356 2974 3289
3236 2708 4947 173 92 707 2829 3267 3984 4577 4146 3331 3938 262 1971 3384 1946 1545 2128 3527
2976 3336 4175 2966 1121 1664 725 882 2631 4942 334 4939 3442 396 3786 163 4538 2889 2834 4538
163 4210 3887 968 1540 1784 3940 304 1501 4326 417 2701 2702 3158 2693 3741 635 1887 3158 3981
2693 2289 3420 3821 4994 4861 2628 3540 4391 1136 961 3018 4432 2817 356 1858 783 1681 1676 2247
838 969 769 2733 3874 2359 4755 4538 2949 2338 2891 2166 2917 4230 2234 2633 363 4036 2523 2263
2264 3926 2205 2872 289 3134 4329 3285 3730 1117 1787 3437 917 2764 70 4181 3527 3628 4010 2205
2693 4674 4528 3148 438 4319 1732 1348 527 3729 526 485 1413 4771 247 1988 1545 2306 3639 778
3491 48 3940 2181 889 2077 4923 238 3572 4101 3166 829 2072 2728 4832 1994 1575 2365 1688 4699
838 3713 4778 4051 715 2013 4886 1274 396 2123 3978 1722 1728 3887 1514 3171 551 2320 493 745
449 2631 4581 2903 823 2457 1237 1818 1096 2128 4696 2917 417 3285 572 2278 1529 1085 1193 2465
3855 3200 871 3918 4587 2718 342 1985 3887 2710 3940 827 2782 2657 825 4711 4809 2947 954 3518
4175 1629 3132 3430 1637 1970 1145 4096 1568 1533 3540 826 1592 4332 1109 825 4526 2120 4274 1888
3918 388 1888 2084 3315 1919 1179 1514 4089 1858 3289 4538 983 4181 2014 4626 3158 4767 3999 2961
1860 4869 2451 979 175 1787 624 4342 734 492 2535 4108 2657 3887 3989 1361 2911 1755 2186 3919
1753 1154 4241 780 3550 1271 4939 3075 164 3514 4738 76 938 3121 2545 3785 4491 498 3020 1706
4994 3514 1321 983 654 4240 2602 4071 935 518 829 2943 695 4245 4985 4248 1620 3984 3844 2941
3236 293 1136 4215 4824 38 2806 2760 1413 152 3652 4364 3607 1898 1261 3607 1994 3683 4086 3378
292 169 3618 2802 1063 2249 2205 2402 3042 288 135 4844 4713 3540 2219 4055 2861 2693 1478 1113
449 4710 3571 2650 450 4988 3226 2185 2255 674 1322 4686 717 3863 1814 3846 2911 2361 3134 127
4595 1638 1922 1566 2121 579 1077 631 1814 1466 3166 4253 677 2695 99 741 3984 4175 895 2921
186 1989 3874 105 130 173 1108 1450 2715 742 3144 2303 1603 2759 2068 2389 1413 3782 2713 474
4530 163 491 1381 4382 682 1575 2730 87 2579 2631 1787 2068 4560 1576 2389 1584 3974 1951 1474
1972 2365 442 3683 4641 2058 1598 3481 2349 1598 1069 1172 2732 4832 1884 2 136 867 3056 2760
3676 276 4538 4987 4106 4289 2436 4378 819 825 364 1655 825 3098 979 2737 4658 4727 4809 4517
1069 48 288 1884 2581 3314 3285 920 2445 2417 1250 3505 1315 761 1750 2720 3100 3301 4027 1780
4455 2531 4591 92 1596 40 3870 2719 352 1759 3501 2332 829 2656 1545 4089 1152 2202 4478 3668
4595 4838 1795 321 551 1419 4175 1482 4027 4055 798 4874 121 646 237 2644 3984 2371 2889 3095
4758 2560 1091 4435 352 1870 409 68 166 3842 4730 2911 2663 1465 3511 498 1442 396 2139 49
829 4458 4343 1924 2214 1892 3874 1769 1295 3887 2450 2340 840 3383 3507 2211 1386 3281 2742 4988
3200 2855 3784 4572 2305 3134 4321 356 1638 981 1667 4292 2951 207 1688 3731 3752 3007 881 1549
3416 1989 1459 2 3315 2631 1409 4207 198 1545 2278 2824 3425 1797 1152 3490 3887 305 4686 4279
26 3611 2205 4930 913 4861 570 1073 1343 228 559 2889 2557 523 3791 110 546 2494 1019 1345
3067 4170 3275 4310 9 1580 4567 1549 2917 1786 1319 670 2511 2973 4331 1540 1664 3660 1930 2716
1985 1447 1726 1545 2000 2624 2254 1888 4819 4572 4855 1201 1088 3070 1883 477 2961 825 4852 29
3148 1098 4163 3231 829 2231 938 3112 2128 3042 2212 720 578 4549 4832 825 3869 381 3695 1290
2281 3502 2600 2517 1868 2571 1641 4514 4664 2368 4929 2680 3790 1098 2232 938 3370 2809 3789 2018
4502 728 176 3972 799 1528 4210 2249 780 2728 2076 3285 3932 3596 314 315 1357 2974 13 4803
2135 616 2785 4051 4855 4496 4477 4295 2760 586 2588 1403 1794 3070 4241 51 4000 2504 3427 1995
3337 2728 3277 4037 2631 731 3835 4210 780 1117 2056 2041 1327 416 2891 1199 1376 1646 2720 3999
1946 2469 4457 3930 3189 2571 4988 3439 586 1409 3521 778 2166 728 2426 498 4107 3099 825 2682
4746 1981 4048 4359 2402 4241 2657 1209 2949 49 3739 867 927 2079 2359 245 4586 1442 2128 4433
2357 4710 3569 2672 3514 728 1706 301 4148 2615 119 1365 674 3057 3874 1221 2281 2190 3949 4163
2139 163 4637 731 798 3315 1989 2570 1462 3148 3494 245 1597 1810 4057 1888 2644 4830 3236 4128
3285 4844 4373 516 2533 974 2535 3619 1222 1853 136 4292 2644 4842 1419 4896 4472 2465 4242 331
3416 881 2708 4695 2793 1755 1043 1209 3195 889 1250 4168 4325 191 371 4758 2475 4805 2644 4918
711 2146 3611 3330 702 866 4332 1311 2472 356 695 137 385 2947 4998 2502 1059 3430 2454 3940
2068 4081 3874 2872 1888 4020 2588 4890 4696 2415 4267 2711 4058 1892 4163 3310 1677 1077 2514 396
1595 2851 4311 996 4903 3869 506 2705 855 3118 993 3215 1994 4152 3994 3842 3765 825 166 1664
137 3300 2528 2480 2948 4595 4523 471 4477 1428 3373 3099 3580 3350 1403 3265 4097 1985 96 3502
1054 891 4646 4686 2578 1014 3887 1326 3554 886 4055 176 4769 255 1844 2922 3171 4151 2890 2286
3926 13 2200 4973 1785 417 278 3601 2989 3438 1465 502 2527 523 1345 2352 81 11 4107 3416
1787 292 480 2454 4985 1888 4736 3607 2657 817 1888 2713 360 2601 4133 940 4499 381 1339 766
1436 4797 1345 3362 3236 2696 2680 2231 4055 176 145 2704 2181 2343 2535 2730 3070 4273 3089 1201
889 2724 3948 1278 378 2 356 2359 173 1154 3984 1664 607 1292 1902 3008 3550 2941 2412 1117
1063 3874 3915 4868 3746 3309 1898 1278 1085 311 2263 775 4310 2461 4469 4152 3116 1514 741 1888
3918 4567 568 2974 1884 3267 4373 4900 1209 3786 4485 488 4538 3940 1409 4233 166 2451 3926 4855
2486 3136 2642 2139 488 3927 4195 4575 3161 4626 4855 927 556 2622 99 480 4594 2039 4081 3455
3148 2118 1989 417 3164 1742 778 1040 2941 1173 1154 2832 4881 2249 1870 2102 2018 1368 986 4596
4175 1686 2764 3154 1664 4660 631 3489 1787 2205 1866 2855 2545 3166 4844 344 4710 395 2349 3112
592 2068 99 433 3379 1647 719 2861 1435 1397 4530 2220 2966 1584 4538 1566 2234 4736 3039 40
9 4078 3153 2705 4031 2278 480 3662 1598 1885 3563 4062 3611 4170 1104 4929 1581 599 1209 121
1020 829 3981 1987 1641 1130 4538 506 1168 3705 4342 25 2 1040 185 1284 989 3874 3322 4000
1089 3234 333 3285 4364 660 4769 3262 1580 4520 260 1851 2148 2139 1354 2872 2641 4826 2878 4373
137 4964 731 2733 3315 1354 2469 1457 4460 1994 2890 31 3874 3484 586 1814 4108 4809 3428 1946
2055 1459 775 1017 1598 1834 1800 1459 1146 1943 3043 4392 2066 4131 708 390 2234 4785 1040 4852
829 3166 523 665 4261 500 819 3285 4108 1008 3682 3981 2951 3341 4908 2436 2433 2921 4723 2436
4000 288 4163 111 1682 2601 3218 4455 2676 648 315 135 2926 1647 4074 413 2236 2371 1598 1311
99 3879 2894 3610 296 3535 3230 2535 315 3265 607 4892 3502 2292 356 364 3067 2644 2436 4504
889 2010 687 2412 3528 1947 3008 780 3285 3089 3705 532 2947 2846 730 3483 1752 954 1322 646
2289 3628 4163 480 2371 4892 989 2139 3236 3303 2061 652 4041 4743 2202 3286 371 1429 2705 4538
4863 4797 1397 1295 1431 3118 3401 3653 1753 40 881 2919 223 4486 3389 2365 598 741 3692 3692
449 4458 570 2211 2352 4055 4227 598 333 2679 4903 4020 4594 3303 560 3668 20 2850 1016 3671
1972 646 525 4321 646 4895 2644 606 2899 1356 2313 646 68 4478 3362 1085 3540 4695 4763 4125
2289 2623 3182 3429 4421 2728 4342 3254 246 4073 4695 4330 2657 4227 1742 1682 2631 3540 163 2926
505 825 417 4000 3200 40 1055 1309 2842 1752 2333 1972 341 2921 1459 4392 289 2633 3135 2865
2420 1742 2410 4876 4307 3068 795 2314 4267 268 4273 2729 4423 3608 1598 381 728 3067 529 2977
1757 3182 3879 163 2631 783 4051 944 4279 3523 51 584 695 1402 2752 84 4838 3081 3101 2255
1757 4804 2371 224 3781 1521 4326 1485 1728 40 4464 4550 3692 1085 767 586 586 719 646 3267
838 1416 96 1622 2922 381 417 1838 4596 3020 1667 1430 4243 1943 3637 2102 2236 2226 4868 4664
661 1489 3949 417 2136 3540 433 4127 687 622 3213 2968 1281 3009 1073 670 3933 2843 3518 165
3730 3540 2234 3204 4014 2894 1913 1604 3887 3402 1028 3049 1230 1211 840 3007 3984 4355 3236 4942
490 3504 4055 3735 2478 1792 4533 4538 2939 2281 1323 137 3501 2278 1691 449 1345 2904 2769 2238
3918 3540 3194 2249 1997 4586 1770 2011 2067 3521 3822 725 1040 4769 1676 647 36 1664 3324 2136
4976 518 670 2480 2457 3855 153 1038 571 3676 111 586 4078 3098 1981 3344 3171 876 2688 2013
624 3374 4358 2089 1888 2720 1139 135 3745 90 1381 139 1838 4441 291 4127 1438 3366 1354 3839
3918 2081 1545 113 2371 4210 3887 4481 4485 712 4538 2170 4207 49 2691 4538 716 3303 1993 4478
107 48 3600 49 2640 1664 2371 2109 3984 931 3171 774 2974 3134 2436 2661 2707 2139 1545 900
1315 3782 1150 4457 474 3730 3166 4948 3610 4020 2945 741 602 1473 4120 1546 4063 356 2729 3984
4800 2806 1858 1795 4978 2058 1598 646 4495 3694 3078 4729 49 1008 3521 3241 84 3967 4528 1524
1323 3874 2729 4830 2922 8 2 4908 2099 188 1794 4929 2693 1701 3800 3182 2922 2375 3218 3405
3148 2068 3676 3994 2409 4447 4912 2358 2057 1465 4832 3974 4695 1757 120 2764 4543 3746 741 3420
2209 2039 4908 4664 3835 4809 4674 3099 1109 3075 1779 40 2563 2940 4464 2071 4707 2415 578 2939
1436 4502 3608 1750 378 3206 1595 4143 2904 3180 2644 4000 728 4869 586 4273 731 2882 4640 4979
3735 202 1680 4844 1055 48 4241 3940 1374 2985 3231 1787 4330 743 3940 1020 3837 183 2397 3628
1361 3981 40 1887 687 480 2068 1786 794 396 4318 1766 2656 4323 4197 2302 3984 2371 4505 655
3694 1753 31 3169 140 635 901 231 2631 4976 2442 881 1141 2760 938 2059 3630 783 4405 2644
1436 3194 3611 2775 3204 4852 729 3919 3427 3732 4886 1800 4019 3154 342 1097 1598 1251 2136 1202
1919 3033 1202 1184 3540 3781 1252 4089 49 1870 780 3285 2139 491 586 646 3856 4127 823 2328
1711 3572 1582 719 1069 1075 1163 3438 3041 3882 2281 417 3285 3572 3000 1481 4099 4094 565 3864
1994 2610 2205 3607 4081 1313 4758 3835 3507 272 119 2338 2713 2190 2940 4727 4723 404 1793 1154
4538 4626 1163 1819 2961 3089 3089 741 2497 3503 3773 3617 2610 1785 1063 1040 3078 1698 4004 2436
4164 4614 4951 27 1884 4855 1332 1361 3984 2244 2136 3822 1913 3628 1459 544 4055 2842 1152 491
3918 3122 364 548 1514 4175 3267 1884 2220 1459 4212 1390 3548 780 1598 3285 71 3230 379 3887
3949 3607 556 3601 1524 3782 2402 4241 2371 1222 1313 4508 3310 3215 2940 1431 3286 2343 4581 4181
4144 1272 2728 1054 2912 2263 4130 1354 1251 1361 3134 3236 2921 4365 2810 3607 1933 847 4237 2066
4243 1884 2693 4448 2557 1665 235 2000 173 2202 2860 4674 23 1578 4594 8 3887 451 1323 4020
2289 2955 2475 867 2595 4400 4984 2209 173 3341 1146 3874 1950 539 1573 3548 741 86 4524 363
2657 1439 855 983 396 2374 526 4404 506 678 2108 1288 3420 2940 4913 2389 526 3981 4401 4407
137 121 1154 4268 451 4614 3334 617 4108 508 4068 2719 761 1870 4241 1222 2148 2693 3730 990
4606 2966 4194 3628 3231 3521 3305 3261 731 2190 2467 2205 4104 1287 3730 4544 2015 238 1680 4538
2015 135 4564 667 4007 809 1409 106 2404 998 9 9 324 4152 245 4766 1098 1272 4988 2409
2511 4519 1560 4577 1088 1063 2397 3694 2949 2855 13 2102 4518 274 2402 3285 4903 2139 3284 586
4243 1314 3781 2271 3554 3033 209 4002 2809 404 818 173 1222 2511 4504 1920 3370 2158 4202 4342
2790 4819 1088 691 4151 2640 2813 4161 1609 2693 31 2186 631 4695 3020 4945 1222 3550 1888 275
1972 3984 3814 4125 99 2729 3799 3607 2393 2352 4950 1237 4215 4342 3214 1533 2472 1287 2035 24
2713 2728 4055 4851 3919 4903 823 2389 3590 2904 1545 1524 855 3099 2940 4723 4230 2148 829 2272
2051 1973 3285 4041 971 1785 4804 1653 2809 754 1465 4243 4596 4726 4196 2603 3618 4571 3606 3835
137 2205 2352 1980 730 3558 4877 2575 2657 2073 2213 839 96 1865 4878 3481 3197 13 962 3613
4551 2970 4543 2058 3502 2921 209 1938 3134 4108 4495 2139 110 181 3835 4457 764 4969 1603 1245
919 4758 1647 4187 4350 1916 1892 4086 1633 1077 1242 129 125 3138 2451 1154 336 3682 4195 3683
3284 2760 1071 464 640 4272 2693 1262 3618 830 4000 1344 642 2000 3729 1365 1376 4664 2389 4580
3918 1839 4674 1323 4163 2760 3699 378 4667 3920 3253 2729 858 4240 106 4274 3430 369 4321 314
2169 4329 3504 682 1481 4055 491 2855 1403 949 2278 3927 4245 3602 3918 4538 72 4886 1832 1545
4099 146 4753 4998 979 4512 1209 1162 3217 3733 2680 1593 2211 3874 1152 559 2872 3324 3527 4464
1793 1973 1971 2306 2445 396 4686 4371 3754 4842 647 631 1415 2092 215 2769 696 3171 544 173
448 2416 1165 3706 3887 4082 783 163 3905 2469 3230 4484 2479 1792 3835 4597 2108 2729 4130 2599
4747 3912 3947 653 4649 2729 4913 1260 3919 4127 2940 778 4596 1006 4766 3200 2000 2872 3540 1177
84 3628 3727 3013 2581 40 3617 4000 2403 449 1814 1545 1994 13 3840 3788 2207 4330 315 3802
3918 3081 312 1154 431 794 2719 2713 2465 1019 3311 1787 3067 2465 4918 4567 593 2120 3689 881
4998 719 2194 1009 1154 1729 4933 1852 2058 4571 1707 728 730 1994 2817 1091 2222 3683 640 4691
2657 3918 4456 396 4538 925 1545 2502 3476 2316 731 2068 4809 3309 3685 2108 4519 3933 3134 2402
2657 4181 494 2714 291 2389 2934 51 333 2068 84 669 583 1946 4362 1271 3117 2036 2889 506
3918 3352 4586 2306 87 3084 1827 2765 2422 313 3811 1883 1438 680 2260 3125 1073 1624 764 1437
592 1290 3389 3098 976 2652 3224 3912 1040 678 1550 1754 3414 4869 1324 227 2136 3460 3271 385
1711 1576 674 372 3972 2832 4540 4549 728 491 4743 4290 1461 2729 3831 71 4639 2809 1794 2808
2281 292 2851 4664 559 1671 173 4342 3751 2058 40 4019 371 1778 4973 3683 4766 1884 2375 4019
4261 2903 76 257 1756 4594 3302 4874 1629 4255 2 2760 4378 1180 185 417 4809 3607 4766 3866
2227 4163 3623 3295 1814 728 68 3598 3374 647 245 1057 2409 356 2834 1994 3786 968 288 4255
4175 4575 4931 1688 2397 1426 76 4332 3368 3098 855 2639 3268 2714 84 4109 4898 3215 3096 4062
3668 1576 1743 3984 3507 3631 720 417 3621 3285 1946 2116 1729 798 1994 4055 396 3380 3550 3337
142 3580 2108 4158 2661 173 2114 1946 3285 99 2631 2015 1620 384 1866 4363 1088 3455 1966 1489
3694 165 1381 2598 3882 48 939 1073 3874 2467 2713 2560 2911 2922 4336 2106 1484 4907 3361 644
1711 4341 23 4710 2658 4181 523 641 1626 1572 1179 1770 1462 3630 4594 409 119 3241 247 2316
4903 1252 1814 3846 27 1861 2465 1943 4483 3887 218 1731 1487 210 23 3192 3714 1718 3502 4109
4064 1960 1088 313 4844 1353 2696 3249 3430 3164 2590 3161 1036 2089 4447 3695 4760 3823 4587 3035
4136 1861 741 4148 2673 3587 2073 1946 2708 9 1247 3918 2599 1684 4000 48 449 214 2 2978
3607 3984 2656 1823 3963 731 1314 373 3991 3130 2781 2951 3334 1814 3948 1850 3224 2185 4990 32
2641 1169 4077 2949 1866 3918 1036 4626 2136 1858 882 753 866 2456 3504 1883 640 4581 886 4031
4613 741 1023 2948 4102 378 2612 1669 1569 1163 2858 4855 1617 2970 1099 1758 652 3550 2325 1469
2657 736 1111 4435 4792 2941 3596 1453 1539 3370 70 600 474 3694 4696 3481 1645 3056 4979 4477
4998 3194 2139 3835 4103 4538 4330 480 4373 4758 1345 2025 3501 2352 173 3954 2839 1596 1650 1572
2227 1019 3735 4785 119 1854 2365 1371 952 3199 2760 4055 2253 320 1117 3070 1006 4424 1575 837
4477 371 646 3098 361 3696 1838 4835 981 793 1403 1888 640 1330 2793 682 464 1787 173 433
3401 3887 1739 1438 2894 15 4699 2894 1890 1381 3728 4698 1946 2624 675 2338 2951 393 4965 1752
4439 1560 2692 1664 210 2549 4939 4523 3399 2554 4877 4223 3502 3920 3947 4686 1529 3356 3607 3660
3676 4905 4838 3735 3745 1057 482 1994 3076 3858 276 4000 3948 4040 3070 4364 3948 4181 2139 1800
3676 1750 3930 443 4900 3607 3994 245 4342 2940 299 41 2854 4000 3767 4905 973 3221 4419 3224
1989 3628 2015 3558 2939 3638 3572 4128 1652 3698 2814 670 1396 420 1403 2631 3849 1439 604 1333
2452 508 1731 4792 4342 617 1850 3799 2942 4089 3267 715 15 2983 3836 396 1740 379 3247 131
3918 4964 1597 331 4127 291 882 3236 4888 2368 4281 4861 1682 87 823 4116 2696 4852 783 768
3502 1251 4364 4493 494 2041 31 3267 1168 3292 3866 3514 4713 1355 3634 4732 780 1787 2680 71
267 2136 4130 4526 1598 3305 3072 179 247 4908 2610 1105 4576 974 2132 552 4163 2483 1090 2402
3148 2982 2289 3978 4371 2068 2068 1082 96 2191 538 1951 2265 4071 4819 646 4096 3745 1956 2120
26 4076 2480 3136 2974 1158 4842 4793 449 2249 1671 3962 1648 1918 642 1368 3301 4713 2286 2042
2205 1781 4103 1459 4503 3683 2889 4514 4913 1575 15 4049 2457 4506 4027 1598 4895 139 1951 3984
1143 2989 4626 2237 3332 3335 3887 881 3981 3005 715 719 3926 299 621 4089 2644 4723 1524 15
2939 3089 3540 1946 1215 2961 2184 4240 4317 4099 4855 1852 4326 2015 3874 4626 1040 2729 1311 3241
2807 1795 3020 1870 2776 2696 2657 4992 372 743 646 2729 3503 1902 464 3739 696 2117 2792 2657
838 2657 2209 4538 1438 4240 939 4272 175 245 2548 127 4969 1973 2068 1088 3823 3234 2599 4363
2610 4985 2205 4435 3889 1688 992 3165 3984 4900 3315 135 2000 3550 4152 3920 766 4230 3234 1598
293 471 3164 2624 1750 106 1718 1888 1680 2205 1314 3866 1151 1691 4595 1524 594 570 2410 730
992 2227 3134 2060 417 4664 1997 3984 333 4538 2436 4654 4215 1354 4855 4048 4101 4435 4830 4538
1361 3611 2769 3161 2851 4102 1598 3230 1676 4979 3666 4525 3543 2706 810 2663 4071 1978 771 3368
4538 3231 4743 1565 506 4127 92 4151 2191 2061 1858 223 1795 3835 1918 2941 3140 2382 1529 4051
4795 4103 4538 4973 1319 1664 660 708 2865 2436 3119 1971 313 4212 139 210 4767 2000 882 1522
2657 2111 3478 1438 1994 4362 1035 4550 4505 454 2926 3534 4175 2851 3429 413 1226 210 1019 135
1787 4538 3786 2510 2528 2402 3285 3874 799 4000 3930 3159 4505 4194 228 1703 4637 2365 2743 2402
2313 4081 2234 3211 245 173 3216 3017 1839 1862 2338 2403 371 384 4572 3309 3722 3571 3230 1981
1323 3072 1657 465 152 84 404 9 1596 1088 1598 3835 2720 4686 3164 2179 3437 1578 4350 4686
838 2190 841 59 128 2760 2491 4000 9 218 385 2951 2314 3352 2917 2191 4267 3366 173 4161
209 1111 1596 3040 1143 390 1622 4243 1287 2644 640 2000 1160 1073 938 4272 1792 3059 4431 384
1125 4027 278 3929 505 1484 245 3322 1787 2068 2068 4037 2304 396 825 4014 3171 1856 2557 2729
1667 4998 4572 1973 548 2688 291 1994 4723 4519 1311 3600 38 1546 731 347 3267 1598 1575 1029
1899 1498 2821 4758 2858 4942 2608 670 4197 1753 4033 1151 278 2802 2732 4905 3823 1881 719 3171
2452 4001 4099 1309 719 1173 4842 4519 3166 1994 3786 1703 4062 4357 2640 4261 1973 2375 381 670
3918 1024 3989 2704 4318 3166 2472 805 663 4290 3236 4695 4990 1549 2427 2185 635 3084 4378 3745
979 333 2691 449 3880 4758 882 3890 176 3661 2410 4549 165 684 2865 2305 4735 4758 2970 3350
3694 3234 3874 3752 2970 3285 719 1578 1722 3256 1870 4321 2496 1236 3998 3962 3302 1406 2691 2454
4908 371 3788 1994 4168 4648 3887 4970 2696 4879 2661 2729 1409 1438 4258 1767 3643 4972 4214 3831
2013 3995 356 798 2514 4528 2927 4948 135 1190 2657 4544 1971 218 3072 871 855 4664 2089 2764
3118 4144 3981 2379 3310 601 3134 4272 2389 1117 385 4564 381 136 3843 2657 299 3089 4832 2281
1323 3099 2289 4743 4152 552 823 2899 2106 2191 378 1278 378 756 3521 4480 1824 1698 1757 4342
1972 1209 550 1787 3430 1982 4891 321 1922 4152 2941 2013 4062 135 2558 3075 1036 4461 385 2942
3918 3281 2274 173 233 3745 4061 2970 1994 2959 4279 396 938 2058 2527 4602 4544 1410 4855 4973
2558 2223 4332 2531 3563 3185 40 3130 3312 3892 2502 2843 305 3182 1576 3424 11 1866 4637 737
3148 4900 1742 2375 2397 2644 3229 185 1564 305 4014 2479 934 1759 4664 1429 1413 4990 1612 264
40 3866 3595 378 228 3404 2263 1834 1230 4852 4531 2657 4051 3134 3469 3285 682 3240 3514 1173
2183 2861 1085 3082 1374 3305 3285 731 3714 175 2922 3491 4766 1154 3630 1151 1966 599 3618 1282
1414 3200 3607 3523 1622 1578 1508 356 173 1211 129 4248 4037 3414 1479 1360 2970 3978 2865 2710
4421 1361 428 3995 2340 1765 208 730 3874 4359 3602 40 4132 572 818 3572 2688 2462 3502 2263
4477 3935 956 418 2911 4277 2693 124 3429 2790 4126 4855 1989 3081 261 4014 2610 3872 999 1413
1323 1040 1837 4908 1009 1858 2106 4041 3432 3057 1868 761 378 2205 396 4538 4373 3874 790 3612
3974 3802 2661 2306 4037 2475 352 4458 3683 4578 3089 3048 3613 441 4037 1077 4431 2479 485 3608
2892 3459 2377 4830 1814 502 526 3611 4829 3126 2760 3481 4716 1165 2920 4929 2263 3090 2393 1702
3262 2299 3477 546 3682 1276 3121 1706 1704 3879 3049 819 646 875 4151 4793 3695 817 4321 3432
1551 4809 414 4892 1316 3682 4681 372 918 2531 2723 881 719 1508 198 3285 321 640 384 3540
3415 2214 3350 2479 2759 3231 683 2249 3694 417 1575 76 680 4564 356 1597 2560 4151 2454 1548
829 1539 2359 356 2205 3940 4936 2657 3786 4317 1598 731 4930 3337 2231 2 4197 135 3714 1664
4255 3256 4754 2943 1576 586 866 4151 2436 1745 731 2 818 3148 3920 491 1242 3717 2114 4064
4076 1459 2068 3984 4628 684 2370 2222 4055 4105 3178 3338 2612 101 4988 245 198 3695 938 892
163 4008 783 4224 226 4763 11 2921 1787 480 3572 4453 292 944 624 1086 4241 2874 4881 545
1972 314 1439 2025 2485 659 1513 2205 33 3638 491 1787 333 3874 765 396 4763 1591 1946 825
4319 2642 1745 40 1747 3763 1985 2214 4571 173 1251 838 3200 1272 2676 3763 1884 3887 4426 2974
2433 135 795 3285 1924 2692 3073 2951 2445 2461 3608 2000 3896 2922 4842 1858 4241 2541 1742 3159
838 4158 3798 1099 47 1264 4150 237 4323 1688 3733 4071 1987 3828 2402 40 4895 119 4596 4108
2610 2058 2941 866 548 2918 517 2707 2 3120 3285 1154 3430 1870 705 4580 4528 3057 3874 4994
491 996 4392 1718 3829 780 653 4574 4538 2191 4908 106 363 198 85 4383 1850 718 371 3148
838 3284 4302 2941 3984 2191 795 4703 128 719 4237 3782 2720 3117 1345 1588 3494 3158 4855 1163
1972 3234 3735 4145 3300 1539 2325 3138 4698 1096 1909 680 1374 1063 1787 2152 1861 1664 2719 1104
3148 2497 2465 1230 3511 3099 2610 1424 4686 1546 3507 4286 2041 3463 3166 245 3284 1682 3694 4767
1164 371 4860 2445 330 4423 4373 4364 1450 4181 2789 764 4688 1663 4855 2824 3068 4152 818 4880
3463 3874 3056 2102 3226 4632 4674 1870 719 2809 3683 1152 2592 4572 3151 433 2044 3265 3120 3638
4998 1698 4051 3511 4879 2921 4809 4323 1350 3056 3079 506 2919 2436 2370 4207 1892 4040 2781 3048
3285 3874 3234 3887 3732 3745 2581 3540 2536 3367 855 818 4166 2656 4227 738 4014 3984 4713 1345
1834 3628 3184 3848 3694 4163 4861 4478 4477 1256 1908 2465 4371 825 2174 587 1743 2120 3862 2951
2590 670 825 1119 2947 838 2775 1752 2416 2899 911 433 3134 994 4903 2128 1256 117 877 268
3962 1252 1197 731 1236 933 720 4103 2865 4420 3661 660 855 2926 1750 3607 939 4672 154 641
3607 4119 2118 480 2656 687 4852 521 4243 2966 2013 314 4700 1528 3494 4538 245 3451 4827 3765
4562 1209 31 1209 278 1550 2057 2503 4359 4536 333 9 1088 930 1787 40 1795 818 4152 431
1711 3460 2916 2809 586 378 1088 3590 4060 3167 1837 2166 2185 1482 553 2205 2657 1994 2911 1328
3236 1250 2205 1795 3920 3020 761 4581 3333 4551 72 3171 1226 1832 3829 3134 1822 4586 3303 4695
566 825 3978 2938 4852 3672 2454 2769 119 3682 1184 2402 4532 3197 373 1854 3741 1327 3869 3337
3231 1088 2480 4068 4041 2941 2748 1548 2504 3887 2186 1888 1403 4769 3607 4571 3697 3161 2941 767
4477 3514 4987 3310 1814 1717 315 3035 3082 559 4037 1413 2084 4146 324 489 2713 1438 331 2149
3523 4435 3751 682 2375 934 3995 135 2865 2597 500 4713 2465 2457 3069 3151 738 2436 2705 3388
833 3098 1623 1671 2465 274 1108 1545 1545 3739 830 4014 1088 693 3976 3752 1814 176 534 4888
3425 3622 4310 163 331 198 1664 1309 3982 3781 2367 450 3861 721 3757 3285 1919 1538 1089 385
3775 40 3502 4524 1596 1413 40 3277 491 129 3612 682 493 2799 2791 2640 1146 1972 4349 823
4243 1985 2143 1787 1888 2371 4727 1548 4686 2644 1104 1598 4202 1679 2375 4967 1870 3552 548 276
3694 4758 2956 2536 3995 41 934 927 4491 2985 730 4000 4587 1250 4880 2729 1629 962 521 3782
1576 2294 3540 725 4909 879 3049 2160 2644 2612 4647 1994 3974 2166 2781 2472 1485 571 4175 169
4495 1323 3249 165 3608 3961 373 233 3334 4942 4103 650 1598 4538 1870 2117 559 86 2325 1174
3806 2559 1091 4051 4261 1097 2644 2 2436 3358 2571 2263 139 1819 1319 2359 3134 882 3333 1851
4477 3065 1479 3094 2205 4809 3826 4908 3194 2894 1271 4202 1414 2472 2328 4055 4881 4900 1795 2225
1323 3989 670 3948 23 2612 1108 1447 3375 2052 2436 4879 4041 385 3309 342 1945 1972 1413 1922
2289 640 3481 4530 925 4792 2691 3315 4964 1989 4321 717 437 2445 2213 2136 3240 725 2352 809
414 2306 2790 333 1548 1211 4581 1858 2624 3116 294 2378 4367 2865 918 1994 2087 424 3919 15
1323 48 3042 867 2054 1462 1645 3415 3607 2232 2982 3428 484 3261 2939 1972 2938 4444 23 2902
838 2184 3200 4666 829 2835 4450 2657 1664 1091 4511 3608 660 2531 1740 1757 560 3469 3285 49
4243 4695 825 3382 4068 2891 938 2980 1475 2148 4618 2491 788 81 4358 978 4540 695 597 825
1698 1318 3773 3234 4037 3254 2483 858 53 1518 3608 2174 245 1131 2865 4000 3683 2985 3554 323
278 4021 1968 3099 2235 4993 2509 4528 451 315 1534 2789 3256 795 4000 4333 3416 4207 1271 4152
3918 1002 2444 1482 3785 938 2743 3452 3065 3515 1514 1933 3887 1376 1251 2231 491 4004 4323 1598
4175 2610 3786 4664 1643 2861 1664 131 2361 4730 2686 4630 2855 1168 2167 2669 971 395 1785 4832
137 3695 1438 1970 4151 3020 2058 2108 2041 3962 4055 2723 2011 4279 3166 4528 1059 1230 2302 1154
2032 4495 3429 441 838 4495 4051 2497 1199 3981 4432 3967 24 1856 3112 2179 1598 4248 2469 518
3607 165 119 2170 276 4274 4518 1771 1431 2568 815 1177 2612 3770 4766 2222 1787 2436 2111 719
332 2209 551 4674 372 4330 1415 414 4804 4687 2136 1629 1656 818 3918 623 1630 4710 367 247
992 1124 2363 1191 396 4582 2650 1250 1576 9 3082 795 1228 2744 2368 2015 529 4161 4763 1667
838 4341 3063 551 1272 1724 3380 1722 1088 4071 135 323 819 1884 3171 3509 2983 4417 3580 2851
3444 1767 4152 1260 4566 3617 2315 3158 2941 1938 3537 2068 4951 2602 578 1982 4842 4132 4428 3637
3000 2427 3846 2278 2511 2445 4811 4415 3682 26 1994 1453 938 1438 3861 790 224 4197 2013 1532
2992 4055 3735 4078 4571 2123 449 3502 825 1645 699 780 238 2275 4951 4759 3430 2658 4144 4063
1972 2966 2219 3540 2673 3076 1799 621 3148 3473 4058 1324 4664 3240 1787 3504 3291 4518 2316 4996
584 3931 4091 372 1459 796 3984 506 2286 356 4815 3043 2402 695 3070 4883 4906 3238 4241 3234
2013 3928 4324 449 3789 208 2657 2076 4127 1378 1612 3261 4323 245 238 3027 3896 129 372 4954
3166 2402 508 838 687 4406 2090 2730 1429 4492 3332 4756 2375 4538 1800 4420 1438 2359 1664 1543
4452 2497 2128 2340 715 2640 2237 2052 2760 2286 1745 2272 3918 825 152 2401 2249 313 2961 1328
1059 3619 2985 1128 2370 2176 1603 218 2806 3887 1800 4514 3164 449 1107 2644 2349 3550 3872 4036
4243 754 2207 3267 2926 2868 833 780 4323 4022 3930 2375 2650 1925 2763 2802 3926 1613 3374 2271
1815 1199 3278 682 3236 4197 3315 2010 3730 2202 4318 185 4538 712 3429 1538 3164 4094 1063 3657
2013 4373 1313 1854 1561 2573 2707 2139 4900 2921 3866 2639 2117 1789 652 3192 1305 2454 2673 3358
3200 833 742 259 2325 1028 3715 3590 2509 893 1584 4019 2950 1919 3643 1547 417 3134 2510 1545
137 3890 336 1230 823 2970 3781 2182 3205 4988 3460 629 2227 2359 773 135 492 527 3150 4168
3274 2225 3920 4373 2719 2302 2191 4908 3437 556 4804 4372 938 3285 4678 719 2465 1787 2855 792
3416 3699 3857 4883 2268 1866 1691 3350 616 919 2970 2368 2077 1648 1884 3780 2451 2370 4508 3692
4383 4518 4495 2402 2760 4000 176 4391 2511 1985 3281 813 1858 4834 2286 2865 4804 1316 404 4037
4710 2451 2161 1221 385 414 4855 2183 2120 4431 4977 2083 2971 609 4176 775 48 2090 3887 4826
1972 1679 480 1781 3096 3112 1545 3697 384 154 753 4240 167 396 3600 276 3835 506 1287 2926
1308 634 2672 2278 2280 1354 85 2054 2715 352 661 2438 1888 597 1815 1794 2139 586 4759 14
2610 3367 2333 1431 2089 825 1575 1008 433 3984 1650 3166 508 3607 4243 597 4151 3984 2032 934
3694 4880 3694 1684 4538 131 2191 592 4051 2904 384 3241 2535 1184 823 318 3700 3044 4152 3169
4824 1698 3439 4479 2666 1199 3158 737 2872 2223 283 291 2644 4572 3360 721 2635 2511 2056 798
2992 1834 4392 1154 646 332 979 864 2902 2842 3106 327 4838 935 707 527 1858 2657 2256 2523
4128 323 2865 3835 3981 2465 48 233 2013 3572 3063 1573 529 3234 700 2073 3572 3200 3901 2992
3918 4746 2361 1209 2729 1178 3268 646 1146 1413 3523 2263 2467 32 2126 629 2657 1814 3940 949
1323 3236 4055 2608 2286 3653 3981 1298 2286 4367 185 4181 1529 3043 276 3514 3315 1702 80 1787
4939 191 934 568 2644 66 2977 257 3848 2657 3068 417 4259 2756 4275 729 797 139 3730 4897
3379 22 3169 731 1595 2719 3749 1607 2286 2672 1154 4363 2909 4273 3706 2278 2720 1577 4847 2707
2782 3144 4767 3865 1552 313 4348 4505 4485 2724 2943 3523 4091 3926 3465 741 1089 559 1323 1177
1533 4948 695 3249 2108 2148 3940 4678 289 719 3667 4168 223 4023 3874 741 60 185 1369 2036
3918 3285 2728 2591 989 3874 4478 4456 1158 4460 946 3682 3236 2450 646 3828 825 1465 4458 185
695 1892 1597 4068 2286 2533 145 4342 2045 3429 40 2338 988 3089 1697 4832 1121 1650 586 3835
2452 1787 4538 1416 2253 3162 294 2829 4240 1591 3033 882 752 1160 107 3234 4922 1260 1785 2978
2782 4538 1202 441 4078 3375 1728 3523 3695 2696 2068 2550 4656 825 798 1394 1503 2371 4549 4302
4175 4136 702 460 526 2371 728 2663 490 116 4103 4686 3405 491 3241 1222 276 2940 2943 2300
1868 262 4014 2326 3416 3388 2911 1413 927 1769 4019 2375 3831 4912 3607 2760 825 586 3089 810
1597 4458 2880 2624 2235 1664 3984 4626 1728 4763 1671 3504 1369 3940 1619 119 3600 1374 677 1664
3918 4822 3855 2128 2729 830 4477 2220 2921 2782 334 4020 4830 173 3098 1722 4279 4987 3068 2325
3416 1006 3160 1440 2258 2445 4727 3666 4698 1731 1548 2760 617 40 9 1118 4187 926 292 491
4477 3717 3846 717 3784 3834 882 4293 1981 444 3682 3058 710 2612 37 795 4852 1368 3576 1946
2882 4773 4175 4804 106 4401 1825 586 1584 4985 4101 94 1688 4946 4582 3622 4062 4458 3380 3602
1316 943 2865 658 2 488 3285 719 3103 871 719 4540 3550 825 524 3829 2467 4276 4538 3116
3918 1925 1522 3237 304 381 1183 915 4588 585 1166 2563 2824 4769 2150 4496 2846 2729 3926 1858
3607 881 2205 2000 4519 819 548 2445 1389 448 3401 3829 2707 320 2672 48 2974 2624 4207 4231
3523 1438 4985 4051 2608 4988 2403 3874 2672 670 1179 4479 4973 176 3216 3458 4785 4190 1507 152
4243 1438 689 2062 3887 2194 4678 3978 139 3114 1474 1361 731 586 3835 173 3310 792 4000 118
1972 4857 3099 377 3200 3874 1472 825 1040 137 4051 4947 2118 3285 4623 526 25 3852 3346 2970
1929 2068 548 1664 4538 3303 3839 135 135 1945 4995 2139 1286 3631 4383 4898 3478 3887 196 3481
209 1124 546 1546 2656 4713 871 518 2789 751 4528 1753 2760 1111 795 623 3017 2139 173 3153
3523 4998 998 390 1209 1545 631 1686 503 3234 4948 531 805 2457 1598 1152 4041 31 1865 4367
4973 2205 2889 3906 1152 540 1671 2851 4458 237 1671 2465 1040 4360 3786 417 417 1088 4059 3344
86 417 586 433 4533 106 3534 4767 3224 1453 3611 1973 4105 2375 4673 245 3550 2278 2510 1946
4519 3075 3075 795 3730 754 895 2430 2719 1985 4538 2128 4842 3940 1069 4451 2 4464 526 2158
474 2205 719 4163 2 586 3285 2510 1757 2240 381 1240 1924 4564 2843 695 3349 825 1309 716
2451 3618 315 3313 607 2789 1762 2473 1151 533 396 2945 3200 1647 4913 804 4371 188 4004 1814
2370 3154 4711 1209 1839 364 3070 2371 1354 381 3738 4117 4900 3564 1858 2084 1552 2951 3738 745
4710 4990 1085 1761 4156 1566 4487 1459 4855 1752 2691 3205 3563 2545 356 4292 3481 288 417 597
1088 827 4058 719 4713 276 2920 1146 428 3811 2558 1311 2451 276 4674 3607 4893 27 1800 4448
1613 867 506 2231 1664 617 765 2058 2013 4912 1240 2750 2397 3802 4432 4478 825 4992 2531 3455
1856 3701 278 1895 3335 396 1881 3285 4101 1731 4264 3425 1859 3855 3268 646 3829 1117 3452 196
4666 2402 1597 2752 3981 1919 2730 1165 4994 378 895 3572 3148 3116 2711 3401 2263 2232 3730 4413
137 946 4447 352 163 2943 4538 3234 3502 214 2249 586 4152 4108 2106 2227 4041 3169 4248 1236
2627 1815 2288 4538 719 2171 3747 2760 4900 4000 1381 3256 3241 1525 441 3430 301 3967 1622 3628
292 2985 4240 4656 2278 2237 3497 1528 152 3630 3994 3706 1065 2726 3920 4725 4055 1839 2015 3439
4276 513 1972 4758 3267 183 2713 1340 4342 3469 4511 969 1647 3607 1605 1321 2956 4782 106 2278
518 333 1665 2959 3337 215 2560 3981 646 4362 2733 2851 4915 4835 2288 1620 923 1092 1823 3540
137 3469 2166 1598 4707 2221 1597 1003 3653 130 4518 1981 1629 3017 2036 1096 2412 3224 2921 1909
1313 137 1459 314 2325 3783 4086 464 1191 4152 3344 2705 2517 617 4586 1951 833 3430 4342 2557
3695 2214 1108 4908 2227 1152 2343 4342 4331 555 4669 4426 2557 3199 2599 648 1813 3595 3695 1575
1508 829 2790 3634 1487 2237 2686 4881 1480 4597 753 4758 2777 3039 968 2629 646 3292 4560 2729
954 1096 1707 47 153 4433 90 41 3185 2207 396 1167 3099 670 506 4594 568 4809 4760 2367
1597 2326 1691 2601 672 4600 4976 363 1077 2402 3099 4549 3315 999 1892 4051 3349 4264 4710 391
3584 3882 609 655 278 2106 3835 4103 2851 4210 2504 2810 2436 3158 3548 3284 110 169 3234 84
2883 2402 4127 2817 333 3835 2454 2874 795 670 1167 2539 2643 3745 1623 352 1759 3521 3514 725
3225 2278 417 2 1295 4190 2705 2673 3739 2809 4674 1154 2457 491 1088 3747 283 4538 3550 1108
838 825 1462 3285 1766 1322 315 4403 1144 4566 3811 3576 2057 4475 2970 491 678 4734 4758 3511
3117 3095 694 781 983 1858 3739 661 3268 2831 3540 4458 1128 1598 2378 2202 2457 3606 1852 396
3416 1752 1595 1622 4342 2338 1071 1324 1981 2058 3160 696 3456 1040 954 2942 2000 4913 3540 1858
4931 4060 96 2306 3540 1584 829 2728 9 3560 741 2612 4066 968 2278 3930 2263 3007 4518 3494
3918 166 1961 278 2191 346 2207 737 2926 4878 3234 3596 2278 51 4777 1209 121 2791 257 347
867 4362 4844 2371 3666 2644 4041 2897 705 4581 1333 1888 4210 938 3974 2397 2090 792 4037 2581
3211 788 3166 4293 3888 1085 4479 2657 128 4055 3309 2969 173 3753 673 1579 4197 185 1729 2970
1972 1182 2205 3167 2789 312 2238 396 4458 2713 617 3835 3204 3098 1994 2760 2719 4832 4343 3142
1439 1972 4127 378 939 3445 4175 3098 4152 2234 2368 146 1372 986 2656 1192 2058 3285 2234 1516
1180 4746 2389 2113 363 3879 2263 430 3628 9 3428 3887 3732 2281 3374 3166 3847 29 4163 15
1551 3063 4464 3572 2402 4538 4548 2205 4376 4416 4056 3310 2907 4031 4032 414 1703 493 110 781
165 4842 1474 3738 89 252 3043 3514 3548 3072 395 2469 2306 1620 3380 4493 2603 4582 3166 2212
2402 2278 2854 2389 2560 3855 1447 3378 1888 2 4342 4246 4290 4000 499 3481 2945 506 1664 4664
33 1951 1382 3144 3515 4484 4881 4637 313 2278 276 906 2350 3583 2728 2536 1598 2409 2370 84
4421 3099 3509 71 4528 2263 936 4518 3116 1888 4276 4103 3089 2497 4424 96 1309 1795 3918 3566
1972 4538 3521 4054 1575 4852 4371 1576 1290 2535 4804 433 4637 1686 283 954 635 3788 3442 1040
1438 3144 3349 3835 1792 4094 3822 1761 183 1581 3485 2302 2306 1516 4292 2733 1597 1450 4819 4223
2971 3564 3732 3041 4156 3514 2811 858 4706 3132 2223 4571 2361 4688 1992 1438 2686 3234 1888 4359
3814 3812 4538 1566 3994 2672 2894 4664 176 4881 832 1787 1870 1189 1794 2325 3070 2371 3230 2829
700 4674 3926 663 2720 450 2500 1092 512 2789 3039 2123 4511 2988 1438 4725 764 1236 2452 4342
4990 2531 818 4572 4066 2057 1460 4874 3413 4175 1040 4293 3414 855 999 4039 1693 3607 815 3348
1854 1619 1581 2891 1579 4432 3607 4151 2978 699 1365 4951 1097 4591 2644 3099 3874 4567 417 364
1194 655 2517 31 2657 4695 589 2014 1762 833 2680 2185 4577 3972 2149 4518 1465 1206 2701 2730
1834 1795 2983 1624 3613 2672 396 3249 1814 3982 4513 670 4367 4908 4452 2235 2451 4519 1429 4519
3166 3172 417 719 4420 2325 4769 2713 2672 3848 3607 719 1946 4103 1749 506 1354 4852 3041 2586
4243 683 4243 2688 4127 4099 646 3352 819 2588 2531 4264 4342 4037 1367 2951 2863 4502 2114 2686
2286 4727 4325 3389 4956 1474 783 2084 4126 1228 3835 2361 1839 2947 1671 3507 2806 780 4000 3947
2452 1914 467 556 394 2644 4723 48 831 3661 2253 1904 1073 985 1192 4103 173 4152 2278 4956
4163 4420 4637 2015 3445 4900 568 778 4432 1626 4249 1972 191 2633 3334 2782 2166 3948 534 4055
4101 2705 560 2947 4432 3967 4676 1075 1815 1228 1545 3521 31 1354 2463 1551 518 4785 753 291
2983 2326 2190 4577 1031 761 3134 2232 3225 3315 2011 417 744 4162 2670 3166 1919 3774 1168 2943
1691 2444 2160 40 743 4000 3632 1251 1378 3874 1791 4195 3887 3948 1006 499 2435 2610 135 3887
3580 1362 3194 3285 3995 360 4522 2862 3265 4076 655 208 1528 1162 3007 1226 3730 4197 1386 2672
361 1252 1994 4809 527 3607 4413 4619 1438 1577 523 494 4973 2465 979 1688 218 4506 381 552
2976 2286 1524 906 1138 1365 4482 4332 3927 855 918 2639 2254 3477 789 841 3649 3134 4758 4348
848 3887 492 780 1209 40 1617 96 4711 4809 96 719 780 3835 1252 2370 1994 2675 2758 3416
1858 2139 2644 3158 1199 2352 4101 3866 173 2018 1770 4844 1109 4323 4323 4099 1172 4654 4681 607
1209 2531 4224 551 2389 4007 2013 2550 3305 40 1595 629 1209 4832 506 4330 4038 2760 2505 396
1858 1834 2793 4037 4723 3775 4055 3984 3166 4486 3754 3887 1368 4847 4736 4051 1989 1740 2373 3206
4175 1236 4346 996 4987 4674 3416 321 40 4852 541 4283 968 1897 1128 550 552 4519 3879 2000
4477 1851 1753 3236 3020 4982 1709 1619 1888 4215 1787 4260 3847 4715 1423 245 2410 2770 3509 291
2971 1837 1360 1145 4144 4215 2829 2789 135 2403 1728 1146 4972 1989 3083 731 1041 983 2943 1438
4240 677 4151 2503 2371 4875 4522 1914 2515 4614 719 938 1926 3682 3513 2074 1598 2890 378 773
3575 1311 4333 2477 4855 1124 2001 489 1423 1455 2370 2821 3679 381 2716 3888 1901 1566 4168 4071
165 347 2985 364 2888 1260 4995 162 3732 3745 301 4863 794 2663 999 390 428 2370 1702 4844
4449 2486 586 2286 2010 3786 4055 2644 4874 1282 4281 1975 1732 4738 1591 4571 4760 1345 1155 2790
2289 4518 3530 1311 938 4388 4682 2781 4323 1838 2278 1077 3171 2057 4630 3200 4723 4455 2343 4163
3607 3234 4358 2011 4844 3811 2656 4743 2811 84 877 26 1209 2951 4363 1947 180 2402 2732 3984
1834 1054 4207 2401 642 609 1949 2166 3622 3848 3607 1779 278 2436 1980 1933 586 3786 4055 552
4998 939 1431 2911 3427 198 3887 4479 2631 4151 4037 4063 3282 1179 950 2389 4342 2068 3984 3150
2211 2627 3117 4765 4698 3682 4245 3887 1790 90 3285 787 855 2733 3811 2679 2191 3781 1922 4743
3416 1040 814 4528 492 2941 13 609 1059 4851 4099 2408 3908 3956 4978 696 717 1077 4363 3521
1097 1092 819 2705 4817 3979 356 983 1653 1592 3887 1943 2532 895 3370 1758 1550 51 4086 2543
3995 1481 2190 3613 3205 3977 2894 2541 579 701 3752 4096 58 2500 4432 2708 1023 4469 3236 3285
1576 449 1692 4908 1737 719 4930 1287 3224 2838 2802 135 4079 3378 417 4477 3069 2809 2286 616
2070 1193 2278 616 3729 4207 313 4469 3234 4376 1575 2537 4432 4743 3683 2656 2235 3887 2652 586
84 788 2013 4572 1188 3611 570 2737 720 728 1472 2644 2253 1031 4031 1096 335 101 183 3158
3508 2641 3705 1837 3811 3826 4903 396 1730 2511 3633 2672 661 1989 2676 642 4855 4505 3166 1565
1413 3138 2302 4207 2255 753 636 2253 173 710 1201 1109 646 2709 3732 2940 4161 3504 2090 641
449 68 347 1152 26 1888 2977 1671 2769 725 2591 3738 655 1667 4020 2425 3926 4664 4034 3416
23 2942 4723 3503 731 3171 2713 4363 3548 3182 4163 314 1474 313 2559 491 2397 4152 4942 506
4662 707 2661 2343 4571 417 913 3213 1983 4354 11 3119 3638 4886 4156 799 1022 1942 1946 2081
4747 3200 4538 3211 586 825 305 2527 725 4342 1648 2068 3148 1943 2650 2675 2512 313 4068 4898
3261 252 2372 3997 194 823 2009 4037 491 4068 1447 396 2081 3666 3829 2485 313 2531 4900 4181
1192 3918 1154 2205 2494 2202 3447 1017 4447 4007 1365 4518 2371 689 652 3167 3607 668 3798 4946
489 2554 4457 2921 753 1152 4985 1462 728 4951 1508 4591 4586 1809 1442 2174 4842 2709 106 2397
1268 2821 163 2370 4103 2696 13 4485 4987 2084 3425 3919 1854 153 3158 390 2213 4852 157 801
3200 4389 38 40 3491 2135 173 765 3730 4342 321 417 3194 4957 4000 799 2672 356 2945 4504
3094 1169 3575 112 291 4809 2656 40 3267 799 385 2219 2789 4526 3222 2680 882 4758 927 2378
1323 49 1698 2789 4538 841 137 2601 819 2719 3606 4830 4243 4027 3007 2808 4068 4673 4713 1167
3607 4163 1756 81 2926 433 804 3788 4893 1732 4874 1855 1729 310 4275 1603 992 2891 4838 4333
3918 3607 3337 331 1874 96 3247 4373 3984 741 4051 1314 1901 3166 2632 3530 3285 4607 378 4458
3575 2286 1465 4127 3811 2176 2099 4686 1866 4695 4161 3563 2271 3918 2213 4852 2949 3372 4426 1815
4175 3285 3523 4855 3213 3579 173 2375 560 4832 585 492 2702 4423 2013 1909 2720 724 1084 2954
1972 417 3120 825 3637 1837 908 113 622 1011 1211 1362 4416 3227 546 1756 2375 4713 384 2610
1560 2734 3007 1671 4809 24 3948 3067 4809 4571 1250 695 4319 2264 3048 137 3285 881 1173 1154
4835 1742 1686 3284 1462 4987 3514 3285 3089 4000 39 4957 3706 356 1881 2286 3098 586 938 2059
3575 3256 4413 1377 4019 646 2666 2191 1378 3887 2128 3835 2012 3984 2196 4152 4758 923 480 623
1989 3984 3974 1275 278 1612 718 2760 669 4537 661 4175 3049 3437 2349 1884 2695 1690 4426 2806
4998 4284 3395 2174 2672 1679 4013 1202 2191 3643 2961 3267 526 1424 2657 2481 4130 1605 2954 2545
3918 1792 4998 474 3940 289 526 4128 3757 1431 1698 4909 1892 2708 753 737 2851 4582 3887 2771
4998 468 830 176 1162 278 671 4330 3745 2868 262 4037 433 746 1458 3523 1766 2066 3727 3887
4164 1319 3309 318 3602 4238 3694 2904 3672 3285 4055 2068 1815 1887 2851 4240 4156 3731 4812 1598
1946 3727 2500 4097 1287 417 3786 2043 1215 26 71 2237 72 3882 4917 15 2560 3782 719 927
508 919 1018 81 896 552 247 2500 4564 950 3244 2720 1236 3922 998 3691 2872 4391 2591 3835
689 1533 4623 378 913 3285 764 3334 2771 1230 3930 217 4767 48 3874 2713 694 4519 3303 25
3918 4616 4518 3028 2544 1785 4686 4478 3489 4754 3984 2890 2527 1393 734 834 2278 2083 1961 4842
838 2401 173 2872 1925 1728 2947 671 2631 1980 3590 260 365 1994 2970 3256 1069 4322 4101 2704
1323 2263 3284 2464 3886 3852 3514 1595 2344 2789 2136 3337 238 451 3505 106 1549 4668 3882 2263
4452 4458 1852 496 3507 3337 1244 646 4065 3069 4985 4842 3494 3262 609 2305 666 1981 1913 3675
3416 2502 3692 527 1787 2693 1545 4861 658 1064 1080 4855 1525 99 4793 1884 3067 3672 3695 4809
3954 1381 2855 1918 1091 3481 1785 1897 4478 3377 1619 1333 1091 883 40 4903 2831 1152 1598 3383
715 2672 3329 866 183 15 4098 3289 2340 819 2015 2537 4632 3682 4014 3205 364 4259 283 4562
449 4112 4190 694 3429 3874 3452 4681 3067 1446 4277 2085 1162 223 3981 4518 4105 622 157 220
3067 4895 2181 2015 4482 4323 2890 2961 552 4302 4987 321 1085 3682 741 37 4852 133 188 730
684 4543 371 3890 909 1943 2174 1756 3114 1481 4852 2512 1688 4861 645 3888 1625 4417 1080 4068
4735 4453 1442 1519 802 3285 314 915 210 4815 361 695 4626 1698 3005 4276 1361 695 4423 4686
3416 4842 1946 3445 4464 4581 2451 3119 743 2612 2504 1686 4019 4653 2951 4377 2926 4526 1933 2211
1885 3349 825 720 3682 4689 3514 700 4361 480 2072 3926 40 2951 1386 448 2696 734 2438 586
4447 3429 719 1881 1209 1163 1647 813 3360 1725 2015 3337 1891 15 912 152 1884 4809 4846 1269
3918 4895 945 137 2535 4435 1284 2397 4973 1866 4998 4371 2274 1182 3863 237 3383 758 3437 1596
4785 2631 1550 173 4123 2657 4558 3033 119 1724 2051 3494 2922 2890 4607 2843 3241 3445 3887 2623
1323 2468 247 4487 1381 2740 90 2148 3223 1117 4686 825 1626 4260 4065 727 1549 1823 3872 3380
4998 3540 1873 2664 3786 278 3613 3017 1250 3829 2728 175 4099 1922 492 318 2135 238 3698 1903
1323 624 1856 71 753 3281 342 4455 3610 1732 3835 119 4541 1971 505 3226 2899 3460 1236 4175
4758 4265 449 3160 3043 2533 2371 670 4447 4403 3922 1077 1598 3835 2941 173 3835 1323 2375 4362
2760 2942 4550 4477 2184 3285 3277 4738 2752 3637 3285 3337 1964 4380 105 2814 540 111 661 2571
3504 4909 2878 4345 2548 3046 4941 4538 506 417 3918 4861 832 3618 480 2454 3233 428 2467 4711
1481 4391 3782 396 3926 1163 2224 1209 2209 2793 3285 1209 2435 3630 3161 2781 669 2695 1858 1769
3099 4040 3686 417 2865 2710 909 1222 3835 2851 2631 4913 2143 299 71 895 491 1459 1930 607
3984 1967 1634 1956 281 3811 2013 3285 1308 4756 858 2149 3874 4756 291 338 2657 1771 2854 2729
3918 646 2200 2389 4019 3574 3101 2832 1910 2292 3874 4218 2371 4758 3920 4286 119 3550 4861 4074
809 2166 3337 1415 2267 3628 2306 3967 4526 2536 1040 4207 3425 4572 4277 1796 2058 2904 1595 699
4998 1575 2696 4123 4844 3478 4992 4850 252 323 2084 2970 4990 4163 4686 1282 927 3261 285 2035
163 3099 2150 3643 4207 430 1933 2904 1951 3730 3643 2410 3514 347 1787 3256 2084 2811 1597 4879
1332 4311 4036 1512 2263 2672 2236 1981 4768 3134 1622 2058 40 53 17 2184 818 4793 3094 4367
3200 40 825 276 4514 166 4538 1576 4341 3612 2911 4895 799 1994 2728 4259 3362 3948 3809 2263
2060 2370 1459 1139 1482 901 3509 1487 3206 562 2205 3007 4008 868 647 2068 775 1765 90 4421
4000 162 2782 4758 3554 3350 3504 2961 3200 3630 1785 858 2748 4420 1622 3981 4852 2240 936 2688
3607 1742 3743 4691 2510 2760 4037 3835 548 1003 2128 2680 3540 371 4243 4479 838 3730 3548 2136
163 2978 896 780 4990 3651 4538 2191 3439 4538 450 616 2023 3806 4175 3462 3230 40 2139 642
3094 373 798 3781 525 186 4041 4538 2523 2185 4037 4022 4392 4373 1413 4260 153 1362 2073 356
1386 3390 3540 4151 1184 173 1980 1985 384 4210 3068 3075 3735 3902 3733 825 1545 1222 2126 257
1697 3802 2545 1438 4667 4538 2029 315 3096 1104 1368 2926 2076 2286 3007 2338 935 2509 3874 237
2610 4909 1702 4197 1881 4000 1324 1533 4197 2629 4763 3483 4606 518 4367 593 2502 1054 1522 2378
4915 3099 3997 214 4930 500 1286 1201 4319 4373 4181 228 3738 4566 4855 2375 4439 2961 2473 4127
2358 4782 1198 4479 1779 695 4946 3469 129 4055 657 3887 38 2639 2472 2061 4426 858 305 3101
624 1892 4686 2375 3438 1415 4881 2306 173 4908 1814 3432 1787 1023 2851 2042 4710 4898 4769 1426
1088 741 3430 1474 409 1275 40 2558 4233 4151 1757 1484 3886 2834 238 1312 4152 4902 2568 2015
4458 4905 3119 3344 3390 135 1546 409 4845 3938 2811 2108 1409 1560 1740 598 3601 4396 2465 963
2494 2880 1815 4420 1240 1669 139 2375 3192 3009 874 471 3309 761 4832 1089 293 4855 2760 1809
2695 2777 2611 4763 183 3337 4952 2657 332 2352 2255 2939 696 1322 332 1222 1709 3633 1415 1154
3238 1646 551 2370 3940 1913 2728 1571 1794 128 4103 2560 4000 235 2084 3234 3303 680 855 58
1576 525 3236 4043 288 1154 3236 901 4766 1031 1764 2610 4151 4096 780 2711 1007 705 1576 492
829 2686 728 4062 734 4127 3874 1765 1996 2977 4090 2748 2402 4279 2789 818 689 948 4725 2439
838 3730 1236 3835 695 276 4908 1386 40 31 3962 2 4514 1850 3241 2950 4363 1165 4900 1791
3430 1111 176 4362 4680 4168 4714 3254 4538 3888 315 1469 1040 491 3835 1465 152 288 1512 719
3502 2911 3151 4637 1284 1985 2701 2610 1418 2306 2252 3697 792 4325 4020 735 2874 1465 3874 3134
3633 2220 4686 1019 2633 2098 2644 823 4213 2041 2599 1290 3370 3802 506 3205 954 783 818 719
695 2212 40 40 135 2644 173 2831 4051 214 49 99 3383 4276 1656 1888 1888 356 4686 4420
4388 4004 2940 3521 1924 1993 3984 2151 3961 3094 2865 1077 3811 2744 4276 2676 891 3083 4151 2472
1115 687 4152 1545 319 1595 2776 4855 4964 1088 2874 1354 3618 552 2682 1795 1438 3982 4792 1946
1919 2081 622 3981 3285 3611 3214 2963 783 2920 1946 1481 3199 3984 1251 4613 1413 2711 686 319
385 3236 753 3699 2729 3984 2359 3601 3592 378 2305 4000 465 40 2359 2657 3238 2872 48 396
3416 677 2190 3514 3207 4329 2729 1723 2389 823 1994 1083 4674 3676 4735 2068 2068 3765 3979 4861
163 2760 2278 4977 284 4874 521 199 3180 15 366 1256 3715 1226 2452 1474 2191 1994 352 38
2817 1271 1290 1017 825 3643 3216 4554 121 1575 2970 4852 900 3846 546 2087 1146 2693 4447 3440
4175 2811 1576 3874 3244 3942 1622 1814 364 2544 775 4768 895 4152 3305 2436 663 128 2306 356
1099 2091 683 1850 2681 166 4607 658 3267 369 767 3863 4254 699 1466 506 1870 2707 2635 2392
3607 2414 3769 96 4243 4581 4793 2939 1059 810 3205 4939 4843 4522 3070 2777 2866 181 4766 2054
1323 2902 1575 1022 4844 3666 4736 3887 2863 4630 414 1392 4451 4273 4538 2910 86 135 3535 2278
4477 2435 417 3757 2817 1198 889 3380 4763 2752 372 3039 3285 4747 2191 4088 2656 437 2663 2252
1753 409 2463 48 1596 1884 2899 4545 4682 689 832 2497 365 3478 3305 3521 2265 384 3437 2656
3918 669 3887 180 4081 163 417 4036 4538 1251 4051 4246 1753 798 1167 2032 4969 823 268 3920
1560 3835 586 2711 1219 2046 4000 1017 2047 878 3504 3236 1598 3234 3786 106 4834 4881 4143 84
1753 1077 4108 3984 794 2591 3754 2106 1438 4376 2274 1086 3981 2680 3383 2047 904 3231 1686 1605
2089 2402 4518 4553 3888 2202 4571 1381 820 368 523 4432 728 2371 4883 4451 3350 4110 2575 1309
2146 3155 1435 1576 4990 2084 3618 799 2662 152 3046 1196 2371 2821 3800 3694 2729 1158 1469 2235
4758 1615 337 2068 26 2921 3540 1211 424 719 4502 3783 2272 3042 4151 2359 4861 3362 2182 895
137 3607 563 245 2663 396 1664 4766 4323 3974 173 2610 4832 3390 2851 3692 2480 4210 3405 1865
3043 4152 3420 3501 2911 4317 830 2921 4091 3315 243 377 4573 242 1870 2758 3540 2234 480 2357
2472 4900 3572 4187 4658 2073 2911 2968 3048 414 855 4567 4937 3652 4326 3869 1095 2278 900 356
3416 3782 522 4758 1450 1409 4695 4000 471 4496 4926 3243 1578 954 4464 2940 2338 738 4126 1982
4243 3229 1537 1350 385 1537 738 769 2601 1158 3171 4830 1597 2941 4421 4695 2970 173 63 4155
2883 137 783 2461 2472 2729 409 2782 1040 4711 2719 4608 4047 2334 245 2710 3204 825 2799 948
137 1787 1548 2915 396 3278 778 1664 2068 1413 3164 1678 331 3164 3216 950 889 4332 1284 3416
4607 3430 853 4464 576 1295 3782 4985 2904 4109 4323 1844 669 4906 1268 3874 1152 4197 1692 4538
3234 3820 838 3100 1518 4184 2249 27 4654 15 1376 4517 433 3106 4902 2947 99 4462 4581 2445
1006 4874 4528 2568 4293 4538 1462 1867 3234 1436 280 1747 1092 356 3831 2001 3391 2696 3887 212
3148 4994 2013 2191 725 3977 2417 3935 1988 3607 2191 797 2622 3607 4273 2136 220 3191 9 521
508 4951 3918 4913 2281 165 1605 1459 4087 2597 2951 1007 3380 3337 2018 1785 3943 1529 3856 2613
4273 1753 2464 2854 3622 4103 2728 1933 4769 1930 4015 3875 1481 2286 3309 4478 730 1759 3823 2728
84 4998 3814 2696 1381 2222 385 1598 4660 4389 1813 1933 1598 245 173 2253 901 4271 364 2941
2502 4730 4345 2420 4893 3514 4417 1256 110 4038 3653 2068 1209 4076 391 3099 3540 3994 2811 2343
3628 4895 4744 3416 3379 2349 4163 3161 629 4240 3218 506 3380 4260 3874 162 1119 3285 3460 1626
4998 1622 3884 2701 3194 1108 4900 4511 2174 4342 2951 135 2845 1118 3528 2685 3075 51 3829 783
4175 1055 4549 728 4894 4530 2350 818 4527 173 4101 135 918 1146 3926 1190 4538 2790 2704 1950
2657 2436 3628 3075 2338 4939 3119 2375 388 3234 119 4377 51 4151 2106 2723 1602 3607 2 3653
695 3733 2981 597 2811 939 4070 1622 2769 2436 364 390 644 1550 3166 4403 963 1582 913 741
371 3040 2135 4126 4019 404 3158 2949 631 2693 825 388 3285 3695 4267 245 3494 4775 284 2579
1860 840 3727 695 4480 1011 2367 3231 245 3507 3694 4538 299 2781 4518 167 245 731 1465 417
1787 2068 4447 2010 3519 728 72 262 3065 4329 4342 1671 2782 1436 4597 4332 2068 4695 2945 4088
1698 2012 2696 783 3613 535 1597 3887 1814 378 3954 3231 1750 2135 3750 3072 2191 3781 3998 4582
1827 2165 4388 1850 3349 3550 3224 4271 1063 4000 3378 4323 794 3866 2656 1184 2000 1529 1671 321
3416 3967 289 3981 1545 3887 105 4360 119 4438 1403 3835 3504 1209 607 3146 1339 3874 1781 3682
4347 3874 1162 4538 2848 3601 1455 2136 2139 1881 1313 2338 2127 3607 24 4676 2951 3639 4518 4282
3231 3430 640 4876 3106 2381 1646 393 3742 1083 1537 618 3310 1795 3063 4362 646 2672 4388 3138
3148 4144 4096 4844 4595 1386 1126 2661 1413 2601 2929 626 3067 1465 719 1182 4071 135 3887 919
2897 1698 3590 1354 2015 3861 407 2672 4202 2599 1995 119 3285 4660 3560 84 4549 4852 2549 655
990 1664 3628 1933 3887 3187 3315 1484 2728 3089 2015 2249 4765 2 1742 2338 1052 696 1698 420
477 1406 480 2361 3262 4325 4464 356 4176 4674 1951 4000 775 2970 553 1812 4349 1888 4152 4558
1552 1188 2431 4345 4689 2454 2128 4538 4855 2120 661 3521 2985 634 4842 4763 4915 426 3972 1853
3918 4519 3835 4086 4819 4327 1251 4842 3676 1722 2013 2371 3896 534 1091 1796 2436 3291 1970 3730
4452 4587 678 3695 4886 3478 1303 3165 2306 1854 586 1287 825 2375 4574 3430 2720 4210 3974 2378
1972 491 506 938 1865 4929 1209 417 1870 245 2536 3154 1974 3136 999 3643 1073 2531 4747 3214
1439 305 2393 855 1106 272 660 1598 825 728 1156 4988 4008 502 3445 1838 3254 1154 2642 1163
4868 152 1507 646 1276 593 4127 772 4973 231 4538 631 3540 2701 741 1664 1792 4908 4110 4087
4175 210 867 3158 378 4020 1645 3511 1086 2688 51 728 579 3909 1833 881 3184 3144 1314 3730
4849 449 4812 356 1688 4103 3166 2733 831 3217 722 1569 4424 4674 1717 384 3954 3730 1068 1019
275 2843 913 4451 1209 4432 2533 1524 4041 3182 4976 4208 658 674 3262 1896 1950 4581 3502 4538
3416 2066 4960 2657 3406 1209 2469 2099 4367 4123 3802 15 2711 4703 1350 2940 1994 2549 3918 4261
209 4538 48 1838 3666 4363 2789 2672 4144 1545 1073 631 4392 2171 1785 2149 1787 1787 449 3610
1404 718 1130 3158 694 2832 113 4484 4827 3234 3887 4792 363 107 4707 135 2854 1578 2581 4637
2231 2947 2236 8 3962 1288 2888 652 3996 44 1758 1146 3540 4210 731 2123 240 3120 1919 4504
1104 4723 1758 2338 801 3977 3303 4175 3948 4865 1406 1158 1598 3076 1199 2436 3366 1865 687 2951
3730 361 4686 4994 780 825 3169 2010 3607 363 1964 217 2304 4727 2541 4347 4130 1550 4681 3694
3874 3592 4614 2436 4309 1888 2 2278 4903 682 1088 2240 1952 371 135 3683 3597 4355 4103 3007
3607 1972 3962 2480 3374 4800 719 4127 68 3930 1780 3874 2465 4618 4832 2760 2472 908 559 1262
4452 4342 1565 3739 1576 901 162 152 2491 1088 4070 2054 3234 3303 729 4760 2232 1465 176 2760
2890 2190 4723 753 1272 1584 3099 1005 2108 1355 2946 3540 1069 2537 2058 3491 1868 1263 349 2545
3918 3164 2148 4861 4887 526 1878 1154 363 4299 4900 646 635 2921 449 2705 2945 2472 2732 3550
4758 617 4571 2139 1933 3608 2374 2535 3887 1688 4227 4059 2015 1930 4055 949 1688 1924 4960 396
508 4477 1426 4711 2263 617 4249 2729 3279 1888 1803 1885 2921 1086 2136 1533 825 2713 4330 176
708 2533 1487 4973 3967 1522 4626 3984 3494 3930 3869 2854 4511 4519 3503 1088 2251 4323 4451 646
3874 3691 3550 4674 1753 3683 4063 1403 1664 3984 3554 198 119 712 3618 734 152 3507 2136 4538
3166 2152 3278 3094 2338 3043 1769 3963 3502 4286 3852 4464 2719 914 2941 2596 1918 318 372 2212
3730 1017 3315 4855 38 1257 3230 3618 2143 896 3752 616 4175 4000 4540 3735 4548 1922 4538 2174
2306 3413 2044 560 165 1772 718 4268 313 3891 2842 4197 2278 1357 927 2067 1548 4819 2790 343
1059 3313 247 1360 3948 4082 4057 3607 1386 2183 3047 4643 3238 1972 4062 3788 4323 1836 3285 4255
1952 2205 2983 2352 3469 2889 3067 1139 4041 4342 4976 1376 3489 3694 4110 858 3667 1989 3166 2902
1174 3346 153 4993 4511 3974 1459 4973 825 718 1372 3733 1086 3887 1866 2108 4036 3154 183 3790
4336 3430 4320 4637 4000 3348 825 4905 1920 4320 3874 493 1252 3315 1529 3564 2306 2707 2205 2403
1972 3285 245 2610 4519 578 3984 2431 1965 4151 3161 1466 3478 4647 3960 567 4710 1278 4276 841
4151 3315 3514 1475 670 4564 3241 2174 735 2179 4014 4526 1512 4240 4400 59 3241 1728 607 396
4091 2976 3429 2890 1226 1482 1409 417 4664 3643 2135 1664 4538 741 3349 586 3184 1272 2191 4538
2442 4519 396 2612 2770 4674 4152 4136 1003 378 2081 1376 2715 4526 1888 321 3540 4110 4417 1862
797 3285 3989 3303 4832 4529 503 976 1472 1888 2802 4538 1250 3874 1726 1837 930 4323 586 165
2015 1972 2442 4207 710 372 1566 3134 4759 4021 3676 3075 866 2109 4575 1109 841 1881 1881 3285
417 3231 491 4538 4432 4783 3583 4572 3272 119 674 3869 4345 4068 3119 4078 825 3285 4151 1319
3527 969 1766 3739 1997 4077 4785 4744 695 4877 4342 2821 2281 2813 3730 4930 1272 1870 702 4869
4477 3016 1800 3007 3358 4614 4245 2090 764 3213 1964 2503 3765 3000 1504 2760 2624 795 825 836
1782 1020 2089 3284 631 4577 3439 877 1650 2058 496 1787 646 1162 3605 2480 4107 1088 64 3515
4998 466 2183 3303 3920 2763 508 2681 1757 176 2465 3481 1819 4686 862 799 1977 1814 1815 1796
4664 4090 1834 106 416 4051 1682 3611 4359 3887 3540 2058 833 1318 2528 1870 719 989 1316 2633
3039 2457 2940 683 994 627 3727 1097 3984 2454 420 1187 1339 1440 668 2789 4261 2057 1165 4385
3963 2263 4187 3474 3662 506 3521 2414 4274 1442 3404 2457 3788 4135 99 999 1742 1175 4832 2377
584 343 695 2278 3888 2644 4504 3866 1460 4903 4286 3238 4041 3076 2370 3583 4678 795 586 2408
695 3668 2983 2760 4571 3372 1345 3315 2872 1083 25 4686 408 893 4006 2519 3099 1643 1881 3234
1439 2234 2640 2454 3888 2281 775 3863 754 135 1450 4668 4431 2482 4000 2302 2389 1548 2036 1036
4519 2921 3835 4103 1723 780 3161 661 4583 2214 3380 4544 4916 1088 1971 325 218 1982 392 819
3523 2839 2729 4286 1613 40 2878 1473 1973 4519 3089 3730 245 2166 3735 1439 2853 4549 152 3075
3416 3907 2237 1449 3984 4610 3035 1623 2202 4711 2956 119 2499 1124 1092 658 1136 31 741 1771
2135 829 1199 1290 718 2073 2368 3628 1266 84 2764 3523 4181 1209 4318 2371 2489 2789 1252 1250
1967 4456 3350 390 4388 2878 135 1167 449 2461 3999 2811 4194 283 2375 2004 2707 925 1648 4572
4064 3470 4622 1622 982 2217 417 825 3948 3819 774 4002 1972 1790 742 2839 3285 1949 3303 1077
4710 1728 4076 1246 3360 1242 1340 4699 653 1468 2541 971 4730 969 3202 4458 4424 2402 1323 4275
2845 2326 2894 2504 4586 3202 4267 586 1814 2148 396 2000 4861 790 2090 4738 2718 1797 2509 2249
4477 702 817 2068 503 3216 181 3378 4774 682 1834 4000 4156 3835 2713 4861 1612 957 3929 2224
3274 719 417 3284 3888 2628 4883 4272 696 2191 1681 4127 3136 219 718 2947 3007 3846 2564 1091
3074 3550 761 682 278 3624 3020 1508 3574 1529 289 185 1209 4855 2733 333 2806 4194 3366 2843
2402 3187 1834 163 4518 198 3285 626 719 385 4195 825 1551 51 3502 135 3048 2191 2248 1465
2108 4447 4248 4768 1005 1209 3608 1069 3329 4674 4403 4336 2909 3285 2696 1667 2414 1437 4861 2808
4477 3075 3607 396 4103 4210 2106 4994 3315 650 780 2672 278 4994 3206 719 552 3528 1787 646
2940 4519 2940 390 1982 1474 4861 3440 2015 578 2982 409 3786 2889 764 4643 2631 2644 795 1635
3154 4547 998 4101 3089 4979 2938 1374 4152 3835 428 2166 2132 3846 670 1645 3888 2120 2402 2723
3676 3226 1870 4506 1209 2688 4051 223 3063 586 92 1339 2318 1333 939 818 4007 4540 4816 4028
3607 4809 830 3994 1403 1919 3534 1321 4055 4723 2325 3974 4909 1250 315 2711 4811 2556 1376 2
3918 2166 73 438 3303 2629 2278 1850 3848 4383 440 1168 4763 4852 927 2521 792 4908 881 2797
2234 753 3874 64 2685 682 2865 3564 1688 3076 1838 2963 3636 3013 2965 3285 1576 631 2148 2139
2108 1086 2728 2826 1887 752 4538 2013 635 1405 1550 3791 121 1664 4260 4019 3017 3855 1087 3607
3676 4460 4716 4954 3348 2728 3280 1881 333 719 1109 1315 1647 2252 3083 2951 2696 2894 315 2185
3034 3033 1575 4630 4543 276 1575 3285 4273 719 4238 3540 291 4716 4618 893 2769 2340 4277 3595
2231 2015 2821 2273 2599 4392 1934 3672 4097 2041 1883 825 866 4323 1092 4225 4323 2370 825 4881
1141 3094 3786 720 2640 2008 1897 3193 3948 827 618 2359 2374 1052 882 2941 2705 3828 1598 492
829 3067 1814 2872 1793 283 257 1035 2472 419 2436 4774 2789 4895 1143 185 3817 1450 1521 3982
2200 4271 3374 1704 356 209 4232 1333 381 4567 2126 371 1883 1215 3800 3285 1413 3424 3249 1757
720 2517 3200 2764 1652 1536 4362 3738 4341 1540 508 4767 4538 4844 145 2970 2068 2286 363 2306
3694 1595 1755 3961 2729 642 4994 396 2904 2918 4464 4707 2707 3931 1596 449 3451 1270 4832 2457
2013 2985 1787 1787 3521 3238 552 2090 665 1814 2490 1041 124 3835 1796 1215 4362 4727 4763 2114
449 1163 2452 3926 3744 4710 1709 3367 1753 1323 1576 2789 384 99 4855 1919 3974 2305 4210 3301
3933 2402 3458 2068 4447 1992 84 4488 1595 4279 1266 3481 2911 3962 2966 1985 1459 3887 1237 571
480 3268 3738 1439 2744 4255 1339 2809 4519 3869 2136 4694 1339 2680 3580 1003 3075 4037 3998 2652
3694 2486 3852 1488 104 1814 3514 2278 92 4869 372 4350 1688 1115 2715 2926 3534 291 4660 2393
3874 752 2237 663 385 1182 2263 1664 3033 173 1355 1758 1315 4078 4403 4725 731 2623 2977 1403
4081 3874 1522 1 1707 4105 183 992 3267 721 4581 3285 2842 356 378 3231 4168 76 4769 1020
2084 2650 1193 3926 1859 312 2058 4528 2691 2558 983 3768 474 1465 2237 3370 1459 1620 333 1836
2486 4686 646 586 1440 1815 648 2281 3236 278 4478 3560 2166 4714 2379 183 784 1671 2533 1450
2657 4175 2438 1576 2472 3277 1321 2287 3501 3752 586 396 2436 378 3013 4865 2951 396 4194 3592
4101 3303 135 3225 404 135 1728 1952 1410 2352 1376 3653 3821 3972 2054 183 2344 1036 1690 3754
1059 3874 2084 1414 2249 139 4758 3134 9 1298 4571 3874 4059 2861 4656 700 3507 4181 1040 2644
3731 3727 1548 4660 575 1271 3057 4680 3630 4514 3981 2136 1419 3887 1154 1619 2036 3235 456 2436
2622 2959 4538 1750 3285 4972 1837 1109 3637 4832 3685 492 2205 3590 1704 1866 815 734 1595 486
1753 2657 1339 799 2205 3281 738 1757 2529 1409 40 90 2696 4274 938 299 841 3344 3622 3078
3918 4643 1566 1671 4055 2789 2720 490 1313 3417 3822 930 3161 1650 342 4127 315 2753 768 3887
33 3786 189 4508 1946 4971 3075 4575 27 1478 4771 1002 2089 3981 2961 4844 3420 3729 86 3205
163 2237 1376 1117 2393 1108 2402 4832 3575 3763 4317 4508 2842 3285 4758 2391 176 882 661 3445
4152 2205 2672 2128 2949 305 4623 417 1154 1466 4611 2204 4110 4391 2139 1619 2899 4783 506 2949
2657 825 4536 4720 1787 491 4667 417 4608 2 1284 2581 1598 2451 3380 37 1598 1182 2519 3303
2947 154 766 1271 4571 433 1098 4127 4744 674 3607 3026 417 4987 278 3835 4714 4062 4493 3699
829 821 674 3425 2865 488 682 3390 321 3847 4274 3926 2494 4168 2258 586 3938 719 1624 3610
4637 1757 3382 3780 1154 1989 2220 2941 1784 4692 992 925 2509 3349 4581 409 2842 1088 3314 1595
137 385 4019 4323 2274 3782 3887 2695 2068 1154 4496 3595 417 3611 647 2693 3057 2402 1595 1189
4613 1321 3396 4538 4581 4238 3549 3134 4081 1413 4036 2940 1964 1423 3285 373 2728 2161 2102 4673
4908 554 1323 3047 609 2949 741 4103 2851 3827 3368 2073 3167 1431 237 1378 1787 2707 3887 1442
3349 741 583 548 2280 4900 3315 586 3378 128 515 4158 3915 3317 1686 1062 3945 4152 1098 2205
3829 4438 1152 2465 2548 2106 3643 246 2076 624 3962 364 2205 2013 498 4062 3660 4127 2941 4972
838 2842 3974 866 3383 3260 1209 4664 1750 4895 49 333 3694 3226 2205 1645 4399 2465 379 4027
689 2465 3058 1943 3158 728 2631 3099 2688 1920 1732 4514 1474 342 1315 2272 135 1031 1799 1169
1143 3737 936 700 3238 2760 1167 2771 2672 3075 2172 3596 2516 1158 3954 799 2306 4019 4754 4356
1972 3413 2834 417 1973 1374 700 41 4329 4478 2711 1897 365 1561 1261 3602 983 1909 1024 503
877 4055 2032 2465 4994 311 433 1966 3070 2980 599 112 304 761 1269 3540 741 1054 257 4055
2610 2966 794 4327 4727 570 1815 1139 2729 173 3887 2983 1108 728 4530 3469 3099 3694 4714 3309
1970 3075 3887 2041 4992 2947 171 313 424 4311 2454 3679 831 4930 825 1482 4471 1546 4988 1598
1323 3612 1278 3874 742 1902 4030 4478 3981 1524 579 2514 293 3262 486 3108 674 2707 4643 3800
208 3607 2479 2978 4560 2610 3910 599 2081 4276 3401 313 4763 556 1124 2402 314 3370 1892 3285
3918 1088 691 825 3101 2554 2191 1575 3303 2578 3887 3590 4041 4126 3863 646 1400 3683 480 665
3607 4875 3285 2047 3315 795 3285 586 1339 875 3057 1745 135 1638 2537 2183 1163 3661 2821 4103
1307 3540 356 3948 1580 4945 1130 199 3607 2472 3773 2106 1163 515 904 2843 1758 1994 2843 915
1597 2402 833 4648 1671 1550 408 107 3923 1423 3887 2151 1182 2831 3572 2427 3928 1787 2058 2000
1834 2817 909 1059 4763 2136 3494 4484 2298 3101 3356 2054 2645 4142 165 2393 4103 15 1677 1092
2402 2571 1324 1091 1356 3926 3932 4643 4188 2272 3888 2136 1722 4800 451 4558 951 1924 395 2760
2108 734 2711 4567 1839 3008 1247 1309 4210 710 1698 468 871 1006 372 1040 363 363 2352 3483
3607 2184 2922 2202 1576 618 47 3087 3735 3784 1226 3182 3236 2041 3856 2657 417 4960 4048 1814
689 173 2140 4415 754 871 3874 2008 761 2713 3978 3706 4008 858 38 4349 3211 48 2371 1951
2286 1664 939 2298 87 183 2878 503 3619 855 3059 661 2010 3984 4274 1097 4874 4994 783 1246
809 4373 1814 2191 299 2527 1722 369 3230 3967 1669 4996 1262 4844 3673 1474 4639 4908 2465 4800
838 441 1617 1792 2472 3476 3743 3430 2781 3879 2436 2358 2220 2058 4151 185 4632 4359 2631 4293
3535 999 1766 1985 4099 3018 515 1088 2874 731 532 2190 4181 1837 3682 491 3685 3653 4538 609
4906 4703 2737 611 3309 1870 4571 245 2533 183 1551 4481 2978 474 2599 26 4903 2693 166 4484
4388 3151 1292 3267 3394 2865 2038 4538 4769 3370 830 1426 216 954 3954 278 3855 4758 3383 3588
2947 181 2657 372 4019 1263 4595 2544 4212 893 157 1071 433 1622 1073 1428 1168 438 4852 2492
4240 790 4264 4275 2784 1673 623 4104 621 2445 4345 775 3262 3960 1651 716 4038 3611 4477 3711
363 1989 1054 3857 1548 4855 2760 1124 3550 4660 1941 2231 173 2081 1545 4062 2558 1585 4000 1670
3676 825 3518 238 2353 3350 783 2817 1964 375 3705 3995 2890 1617 3134 2794 2136 2338 2461 1260
4587 1349 2390 2354 2776 2851 3337 4819 3763 3285 4572 3494 3125 635 2970 4444 4783 4548 4152 3540
1266 1981 4908 2218 3835 4151 540 2213 4767 1529 3917 2658 4571 4865 3840 2536 288 2903 1163 3636
4747 2675 2090 2005 396 2821 1814 825 315 3333 4893 1260 3781 791 780 3119 1626 304 3445 2728
4998 3692 3234 2760 1995 1787 3164 2015 1474 1682 841 3872 4000 1498 3697 629 4181 1731 31 731
1323 2373 1088 2714 2047 154 2278 3478 2610 4342 1333 1739 2571 492 4071 291 2490 2921 378 1605
3918 2306 4194 1791 780 3786 2650 3372 4068 715 3998 3111 1329 4572 4392 2347 1244 4506 315 2407
3148 4233 1711 3981 2472 646 4078 266 3523 4543 3926 1943 916 3918 4596 2368 1163 4362 2564 2123
137 2676 2248 855 1258 1755 488 4260 3057 2809 1109 2191 4632 2929 92 3828 2899 719 4058 3811
2610 4851 1062 2259 4998 113 288 1598 409 2465 2891 4363 4908 674 3702 586 128 1814 3089 137
4477 4412 2092 2891 4000 4849 2219 3738 3281 2780 523 1546 3919 4618 291 2688 384 4538 4566 3043
4175 989 1438 3890 4908 4572 936 3874 4518 3682 4271 2436 2196 4457 799 2181 4207 893 3634 904
838 4081 276 3507 3842 2207 3169 385 4435 1669 3743 597 798 1246 4277 4144 4405 825 1883 4136
4518 2118 2370 593 1664 1262 4506 1653 2911 1545 4744 2855 503 2727 1686 4846 2544 1909 110 4355
838 1795 4127 3984 2557 1040 1209 3706 1888 1785 107 2393 1611 3786 670 4152 3714 2529 417 2412
3984 3842 499 586 795 3948 820 2305 1088 1819 4991 363 2993 646 3378 2472 235 4978 2497 1598
4435 264 3315 3835 378 3169 1737 1870 1005 587 2843 314 2806 3514 67 2435 2114 1490 2288 4587
4998 4763 2961 3388 3206 4902 2760 276 2375 1874 1994 2789 1664 1545 173 3494 3981 3887 4037 780
4477 51 3694 120 2978 2708 3216 1814 4538 3323 2939 3171 2143 526 2211 2666 449 1322 3682 4168
838 3827 2532 321 1728 719 3826 2058 1870 711 3416 4518 1522 2130 3103 1834 2865 278 1077 3765
2249 4033 1089 2013 2701 4538 3504 3296 4447 1305 84 4098 1154 4626 4878 1592 505 2770 2711 597
4518 2548 3372 245 4680 4865 261 245 2102 2860 1664 229 4738 3609 3731 646 1376 4248 1883 719
3694 2057 2728 3334 4861 2404 4597 449 2340 3634 1058 372 140 4126 1278 3445 1545 1098 396 3377
4477 348 936 4637 2851 4734 409 4210 1994 594 889 2075 1549 2497 1040 4401 779 4607 3416 2368
3236 3234 4684 306 3547 371 2205 4771 1006 2711 90 1748 2681 99 3075 118 4 3887 2791 1508
838 3505 4373 4479 2114 4880 2811 3234 4360 1787 1152 734 2343 3083 1881 4519 2865 3348 586 4432
3166 3166 1323 2846 2903 635 4056 1814 1854 356 2191 2205 4223 4890 1386 1664 2207 4614 3731 3312
3268 152 3230 670 321 4892 2179 1549 1629 2454 2371 4457 1755 38 2705 379 617 1742 1884 3248
4678 2649 2469 2497 4255 2278 1992 1592 3337 3793 4321 1084 4972 2108 2213 939 2057 1133 4341 4900
2528 1183 4508 3303 4469 3424 3374 238 2272 568 3076 649 2632 3094 1575 3083 3315 1858 348 1209
1972 1182 1704 1098 3604 529 315 1416 3770 1870 3540 2214 4830 2624 2205 3494 4055 2438 2951 1069
1143 2977 1753 2545 4163 3811 2961 4484 2058 4567 4318 2719 1482 631 4730 3972 2960 15 1722 4519
268 4730 3927 1146 3285 4029 781 3681 4571 417 1868 438 2961 396 825 2205 833 4656 1528 2198
4452 1361 2533 378 2977 2491 491 90 1722 604 3337 684 646 2695 3469 741 449 951 1837 2012
3874 2286 1866 3607 3134 2579 1442 2061 4677 2205 330 3216 1322 862 2810 2691 2708 506 4371 3241
838 1209 4987 2941 3991 1614 780 381 819 2054 3963 4838 3521 1785 525 2472 218 4832 3530 1888
3094 552 4809 923 1288 1884 2521 3835 4318 2108 3119 1729 264 3119 4537 3532 491 4526 3321 3166
1323 4127 4007 2691 3089 4330 176 2760 1787 2436 904 500 2056 1465 390 3254 1162 3863 4104 617
3009 4684 4062 2817 2789 3455 2629 2068 165 163 734 99 1311 15 674 1837 1994 2985 3303 3928
4055 2231 2263 3370 1410 4548 4664 136 356 4582 3888 1827 1884 1779 3078 998 3919 3855 3602 743
3607 4363 4101 4758 3607 1641 2425 4096 2314 3207 3234 2644 4477 1966 4954 3284 396 4000 4152 4774
3284 2833 728 2519 4187 1107 2951 4318 617 646 1555 2686 3913 3869 1465 4689 3694 4438 33 743
3918 823 586 3786 3056 146 2541 2644 3484 586 3144 4929 2657 4266 4232 938 1207 356 4805 2865
3523 2495 4151 4727 1888 248 3081 2823 1403 1020 4729 2517 1595 4345 3134 4038 3887 2211 4977 1075
4452 292 4538 1576 2013 1552 1772 4215 3829 3835 3821 4571 3974 3429 2281 1781 2839 1550 4658 939
3004 838 4810 2963 4457 2 3706 348 1987 955 119 4965 2038 2378 830 2 3315 3415 4710 181
3918 4577 2968 4290 1109 3846 2 1226 4743 3887 2371 4350 814 1791 4540 4477 742 162 4363 1667
2259 954 450 2120 4929 1795 2842 1888 4892 106 4126 3324 3150 3694 4441 3285 2878 1971 394 2891
2286 4270 4637 1575 1732 2819 4323 2657 152 2214 2166 2071 3169 4318 3948 4106 1466 583 3728 4855
1858 3233 4000 2603 3984 278 1787 1566 3285 4519 2895 3158 4137 4889 962 12 1210 235 3695 3658
4842 655 731 2036 3509 3550 658 390 1361 252 3714 1737 165 4207 882 304 4611 4188 1481 4942
137 2519 2680 4000 3348 1664 3018 2278 1054 649 4809 3572 315 2578 765 1209 4773 2528 2789 33
3872 442 4373 4274 827 3940 162 4244 2922 4037 4842 3607 4286 2676 3507 1414 3887 4240 2352 2693
2058 3676 2762 1843 307 2169 4420 166 2205 1209 2696 2436 396 1086 1381 4693 632 4043 2911 424
2340 3874 2054 704 1423 2212 4051 1459 2899 1656 4674 719 1206 3166 176 2531 4832 2763 315 2861
3230 364 4068 2947 669 592 3846 379 3154 2068 825 737 2397 2436 1575 3746 491 257 2265 1333
695 4194 4929 4097 1881 1360 496 4482 3332 2523 646 4987 1250 15 999 3344 559 417 3360 3265
3918 2482 417 2058 2680 1019 368 1177 2661 3065 4902 94 3978 4981 2791 4699 466 2318 1625 4096
87 2402 2764 165 3918 4964 1862 3920 1077 741 4108 1276 396 4383 2278 2760 2802 1413 3621 3337
4868 165 2486 3315 2978 4511 2054 3118 3733 3791 4698 2711 2278 3887 2182 4586 570 4152 2 3872
2657 480 2361 699 313 2185 4892 1344 2672 1838 3606 4723 4703 1222 3285 2855 3767 3507 245 2550
62 2575 2707 4758 3004 1409 1063 1275 2286 3962 3606 1378 1716 4544 4809 725 1664 3967 272 1321
315 449 4041 173 1667 2500 2720 4139 2680 2539 1508 384 173 4538 1261 4099 682 3214 4660 4202
1209 3134 3256 4184 3855 4240 4846 3730 4342 4321 3338 1333 1615 927 1671 4273 4457 2314 233 2497
584 1946 1755 4363 4643 2686 2500 1981 4104 1919 2894 2711 2249 315 4628 4666 2926 4007 4181 4526
2000 1199 3984 4347 173 1824 875 2359 2545 2535 1866 1577 1581 1693 776 4267 1319 3007 3887 2536
1581 4613 1146 2068 3236 4885 2868 2656 4198 3352 3229 2511 713 385 3067 2205 223 3194 4508 3494
3295 4480 4103 3695 245 2891 2240 1787 4571 1595 1992 1324 4273 1163 1200 4062 4480 1972 560 4758
137 1643 3523 2190 3872 1888 3643 2316 4423 1088 4324 1584 886 2389 1436 4181 2921 1576 4363 1728
1834 1331 3874 708 49 2985 3514 4765 1475 1676 2065 2436 4020 425 4930 4000 396 4816 4644 4152
804 3300 1450 2181 245 3334 433 743 669 3902 719 4163 2457 4900 3572 4450 1082 1858 3315 4241
3918 4711 1629 3234 245 2595 4710 31 875 4556 2936 2436 2629 2106 4152 674 1062 1964 3445 4321
1111 1480 409 276 245 3843 695 488 3319 1664 86 1528 4766 4158 203 690 926 4369 4695 3119
4181 3120 3089 1946 480 3249 2657 1834 1194 3733 1465 3984 1852 4805 4037 787 292 2681 3978 1585
4478 315 2212 1023 4273 617 1024 4939 3949 3835 288 1230 552 2166 3829 2692 1682 1622 3315 3984
4637 2504 2139 798 1041 245 4491 3070 2 1769 4520 2631 2966 4181 4098 3503 2465 3715 2974 2436
4389 2782 1750 4802 4369 1997 3730 1525 2286 8 2343 3926 4717 1361 1548 799 245 2568 819 3078
3918 299 2192 3594 4902 3262 3230 825 682 2702 2695 3672 4151 4146 4942 2760 2640 604 2071 4451
838 2032 2533 3556 4227 136 718 396 3167 3656 3887 2527 2729 1951 3896 2601 274 825 2000 1323
3918 1485 3144 1053 4664 2713 4108 1883 3523 3874 4688 1440 2601 795 1881 4021 2717 1994 841 795
1059 333 3596 1766 2644 992 2041 2281 1481 1302 1266 390 3285 4959 1416 1484 1504 3607 3267 68
624 3730 2436 2696 2436 2081 2036 3206 2661 2976 3554 1729 2558 2135 682 4042 1650 3786 4496 799
1323 1989 2874 4987 356 764 4710 3389 1956 2007 2732 2117 4040 2015 3069 3134 2657 4611 2894 49
611 188 480 3618 1827 4538 4855 3358 3540 44 3863 2207 292 4231 883 4014 881 2904 2970 4529
2013 3521 3540 3382 1017 3249 2978 2068 2436 3337 4639 3738 2571 1256 3968 1885 882 1210 825 2951
3918 1581 4975 4674 313 1707 392 1524 1177 4852 1579 1260 4990 2764 689 2529 2728 4264 4894 417
829 3835 3042 4632 209 3887 4900 624 4758 968 3489 4587 1718 4163 1315 3761 4538 4714 1254 4529
1972 4998 4538 4768 4058 2265 2941 2959 3315 1952 3158 3540 3337 2471 1230 356 1578 1182 4411 390
1323 3978 3695 728 4694 4297 3121 1910 41 876 1785 3866 4008 176 3405 87 4484 2951 314 4279
4998 3430 525 1194 4241 3447 2769 3378 364 3890 2821 2728 2338 2225 2696 825 378 4055 3851 127
4809 4164 3920 454 882 3739 587 1516 2461 293 4511 2248 3057 1099 3335 2758 3607 2978 508 1691
3694 4210 1324 3205 4613 3309 2575 4279 3788 3020 4878 1252 314 1040 730 2389 2348 278 1036 348
4819 3761 2851 3918 3504 41 2527 1466 1785 4707 3285 4341 2289 1649 1089 3942 2693 1465 4524 3089
3918 2730 3523 2278 1036 3715 165 969 586 2533 1810 1442 593 3695 4275 3984 526 2810 4758 3162
1360 1551 4740 586 2793 2436 3616 2644 4847 1386 677 2099 450 4161 4706 3714 4543 1814 866 2338
4452 4990 1745 135 218 119 4743 2729 1368 2938 4855 2764 40 2630 176 1653 2032 4626 646 2951
584 642 1946 275 1629 855 2918 4093 3757 4939 4827 3763 288 719 2278 1598 3540 3497 646 4359
2231 2089 4861 1785 1354 1968 4103 4855 2695 4047 3981 2302 3119 4581 1980 2696 2436 4760 3882 774
4477 4450 4915 998 2281 3284 2545 4699 1737 480 3926 1609 586 2970 900 4538 276 3694 3785 1731
1537 687 661 2281 2508 4519 687 1787 417 3033 578 3887 1085 2483 1431 1814 1315 1184 3682 636
3607 2289 2811 3256 3173 674 3790 756 250 4481 2960 2445 4511 4600 1057 4036 768 2657 4490 4359
3879 3081 3153 4323 2831 4538 500 4111 2286 2237 1457 272 3947 3643 3285 1925 4088 3262 2835 2436
1745 568 2839 2769 3285 3872 661 30 3120 238 3158 356 474 764 2872 2843 2278 663 449 3803
3236 2845 2502 3153 2314 1315 15 1740 1481 1884 4432 381 4163 4000 4000 1183 1978 1032 1787 3430
838 1316 3894 3310 342 1267 3835 1667 3425 4432 1545 3285 2238 245 2500 4197 199 3350 4855 3502
731 2882 2939 3572 644 2139 4664 4837 267 4564 38 4230 4895 2414 390 1354 4827 3277 491 1073
2657 137 3250 2644 378 3303 3643 4480 163 2531 825 4908 2000 4528 4435 1992 4883 48 278 4511
3166 774 3571 1787 3920 278 1209 3560 2457 3661 394 2545 2099 2692 646 4581 2304 4900 1287 3523
137 4976 1728 152 4440 586 3664 2058 3285 556 1755 2692 3864 2135 3405 1787 3874 2095 719 1096
3596 3666 3879 1077 798 153 2821 1787 2370 2657 2656 3523 351 1333 3683 4055 1943 1973 4586 4010
137 810 4086 4084 4373 390 4311 491 2872 4512 3981 4435 2139 1787 3285 4441 2789 3835 2472 1598
2610 3694 2402 1787 1459 4819 4321 551 1268 4081 4906 4243 3214 262 2655 4499 3285 3928 315 775
838 2640 3984 4632 4136 2904 2703 2371 1051 2403 741 2191 4607 1548 3948 1316 1179 1426 1679 4674
4081 4592 642 4027 3247 1870 3540 4994 552 4377 4805 185 496 352 4774 2762 1994 2691 3786 1372
4695 2032 4168 3769 2728 3153 3872 4664 3089 4477 1781 4342 2711 2402 2013 2435 1757 1040 2075 968
4758 1767 3835 4674 2313 2263 48 2951 2375 738 1572 3478 1073 330 3257 480 1637 3222 1376 202
3330 4571 2939 3148 40 2729 2494 4804 84 969 2085 2378 1994 1881 2286 1575 2851 1095 4000 183
2032 3042 4431 3896 1350 1031 1378 2370 2202 226 4766 1465 1333 4458 4342 2454 3751 378 2286 4686
4528 3155 2060 2696 3727 228 2728 3234 571 2657 3550 2789 583 765 441 1043 1693 4519 3484 3291
3984 3100 653 2472 1290 4241 2306 665 449 4648 3638 2509 1209 3241 1650 2865 3967 4326 1545 208
4329 2286 121 4567 4212 3184 3248 506 882 4842 1742 3395 4273 344 2644 597 1038 2015 3514 3303
1323 3810 1173 776 4406 551 3622 3514 1182 1732 3199 4538 4055 2126 4726 4571 1994 1300 2504 2467
3607 137 4957 2402 1327 4037 2911 2371 3940 4861 3388 552 4586 482 4151 2403 4957 3261 2402 1951
3477 4424 3502 3374 1097 4363 1975 4556 3064 75 1403 3802 2368 1576 3728 3415 938 2359 3481 552
4695 3940 2894 1676 2661 2058 2760 780 165 2657 1994 315 1623 719 4511 313 3730 779 1073 1173
1711 4128 2944 417 84 1221 388 3984 4959 4874 1057 4717 825 3081 4549 4435 1226 1619 4861 4202
4538 4110 4450 1853 184 3332 1290 3521 49 3256 2851 1062 3984 1439 2854 1230 725 4055 2733 4435
2135 3166 4103 1168 1629 3130 2106 670 356 3100 4765 638 4729 1726 2637 1514 4904 3996 1907 1997
4660 2550 1215 3205 2731 3481 3238 2352 711 575 3460 2139 1086 3389 2371 4656 27 1528 646 3384
3918 2492 646 2106 716 3940 3782 2966 4738 4400 3627 1787 2436 1645 163 3874 2888 1709 4998 3639
2993 4883 919 343 2650 4160 3303 1466 825 394 1117 3781 2483 2098 1753 4695 2108 2000 378 712
137 3623 2436 3057 4019 3984 3961 2166 554 2789 3887 4553 1528 2123 330 4868 2440 3020 385 2644
2559 4695 1664 3697 1813 4064 347 2368 4359 1622 841 1593 560 3098 3643 1434 157 4543 3850 3873
137 1240 4266 804 4051 4723 41 3695 2191 1219 4763 1465 3367 1680 3783 1968 4844 646 2056 738
2657 2068 508 4607 2370 1465 433 4519 176 2505 1090 1152 2716 2001 3182 409 3460 1063 3998 1019
829 3890 3572 778 1154 661 4524 2231 911 2 1108 2791 2839 4578 2941 1800 305 3994 2631 209
351 480 720 176 3218 2760 173 416 3590 646 3035 2821 2814 2136 2136 3682 347 3187 1272 2657
3067 866 2839 764 1970 1791 385 306 1077 4481 4838 1092 1706 1356 1545 2652 1972 2306 2711 2509
3918 2106 1581 106 4308 3273 3766 1860 4068 2760 4037 2457 3967 3514 2750 2710 3680 4152 4103 2514
4881 1577 2278 4518 245 3303 1598 2205 3887 2343 1134 2316 3887 3312 3945 2806 443 775 9 1482
3918 3089 3550 682 3694 1757 2490 3134 798 2872 51 2693 4760 31 2203 3785 1354 4714 1996 2511
137 315 3588 2872 728 4478 1676 2977 2166 2205 4444 3469 4844 1136 3948 896 1098 1438 1973 4511
687 293 3315 2623 2728 3349 2450 4336 1852 1465 1815 665 4175 607 1054 3696 2696 3896 142 1919
2452 3234 2915 2531 1017 1209 2942 38 1684 2359 2191 2359 3984 4405 3452 2519 2861 829 4376 754
3662 1552 3780 4878 9 1546 3166 4674 3382 2842 1252 3161 1331 2057 1313 670 2013 3692 4240 981
1323 1210 4273 3879 3216 4000 688 4110 1856 2970 523 1529 720 3601 1392 3984 38 1461 1867 998
2486 1356 1575 4855 2854 2922 1814 313 2863 1933 3727 4809 570 1981 4441 823 1711 3148 4830 4998
838 311 2673 4590 652 3548 4116 4417 3205 4148 41 2232 538 1450 3324 3829 1645 646 1237 1040
3917 2371 2212 3234 3075 1040 2451 240 1088 4566 1197 408 2943 584 1290 3184 449 4127 4725 2416
3580 2612 1677 1373 1576 1834 1779 3683 1124 3890 546 4630 315 4127 2643 1664 2872 551 291 3601
3236 584 1419 775 342 4699 3164 2531 1099 1222 1413 332 1431 728 48 1973 2951 3847 3984 3121
3200 1858 4987 4519 3163 25 1995 1881 2657 552 4691 2389 173 3286 4323 40 2451 2278 4538 4626
838 1881 1858 267 2166 1545 646 304 818 568 4711 3366 3134 1664 393 895 40 4207 3351 3835
3607 4560 838 1795 2899 245 2951 3653 3182 3112 2465 3575 660 356 3984 336 2500 319 1136 4363
2152 2271 1972 4086 786 1396 2861 3013 1091 4319 923 2579 1941 1671 2119 4383 3811 804 841 2211
2286 3628 4710 797 1885 2623 3215 3240 1152 114 301 2888 2836 4861 1494 3098 198 2123 313 314
1834 1152 1287 4695 3714 1856 4008 371 3757 2579 2349 2859 1881 4000 3241 1766 819 2004 3781 572
4758 1165 4526 3781 1569 2223 3714 2623 3890 1577 4809 3699 4816 4426 4146 3692 4578 3474 2188 2922
707 508 4611 4055 1528 1538 3171 2306 1465 1575 4020 1870 3205 1219 2729 955 682 1465 731 4342
2402 3523 508 546 3386 570 3462 4245 1947 2008 586 3067 378 1577 86 2941 999 1478 3596 1077
4163 171 2073 3158 1664 1584 3981 433 4274 3067 4317 3739 1035 4000 3588 4538 3204 1545 2068 1548
4332 291 10 2205 1888 506 4988 4861 3600 1089 2184 4571 4151 4054 818 238 4656 2057 1584 2359
202 3458 3607 3835 858 3134 3776 2730 1474 259 176 3695 1508 4852 1946 2944 3234 819 1885 638
3503 4763 2015 4881 2135 1975 245 2450 4019 2802 3070 3937 2278 2529 480 3611 825 1664 3167 3150
2000 3360 2139 4055 3782 1814 4089 4063 433 795 2191 3991 3685 1966 2445 3960 1536 378 4099 1978
3503 4163 586 1339 572 2922 4696 4550 2865 3919 40 2143 2101 216 2657 1199 2015 3161 4908 4572
3607 3078 3416 4674 4844 1893 4103 1671 1994 315 2644 1177 1703 2527 1815 1967 2696 4051 4181 4819
1827 4472 40 291 2865 2911 2352 1260 4342 1891 2352 1071 1122 2249 71 3940 3119 2951 2278 3247
4079 2851 4264 3952 2036 3312 1725 1795 2729 4768 1977 1890 790 4100 2982 3357 1073 2610 677 4363
2011 4489 4558 431 4707 725 2974 1019 999 3094 1215 3757 3607 3241 2872 3134 3657 2599 926 3478
292 2234 4042 3116 2013 641 2608 3374 4664 1152 523 4152 2842 3672 3134 4207 3866 731 876 1069
2013 3236 186 1252 176 1664 1168 792 276 356 2556 2205 2058 4832 2148 4105 3321 1576 3967 176
508 3158 3067 1897 1404 4363 2306 1866 3540 1124 4674 1989 4265 795 2089 99 40 4646 4325 2073
508 3502 4538 1624 433 3501 3982 4008 356 4544 1237 146 1446 571 417 1575 2412 834 1653 4842
24 1972 2393 4484 3337 2283 2672 4151 3285 3520 417 2941 1260 3108 1439 2510 687 417 291 3948
910 4168 1898 3699 3606 3984 3070 743 1127 1108 2878 364 1916 1770 2941 80 1388 2081 3234 4581
1382 2349 3285 3874 3864 810 1052 2985 276 2000 556 2391 385 625 3202 2966 4323 3834 3611 3906
4735 448 696 4053 4332 292 3063 4268 2338 4698 319 27 3254 4225 1278 245 3584 2412 2640 1184
804 1972 1837 4703 1946 4942 1131 176 1055 1121 2275 1757 2914 3261 1150 2693 4420 2200 1184 257
2888 3289 3432 4163 3267 825 2639 2536 417 529 4477 4367 4103 3887 1562 600 1664 3494 3515 1814
2845 3926 2272 2883 823 2728 4809 565 2278 135 3848 4175 2720 2777 3770 741 2556 3896 3974 378
137 3788 117 624 3315 1787 718 989 2402 1888 646 4810 1368 4826 4014 1465 4415 4432 4406 2672
829 2707 1815 1108 694 3855 1981 4664 4277 2431 2159 3976 2541 4991 4478 607 780 4538 4098 1609
829 4998 1975 2713 1703 2278 1252 731 4519 3785 1209 773 1794 4005 1817 3476 1702 4074 4711 4152
2340 3602 2657 1749 1832 4767 2992 3469 3169 4194 1924 3590 2118 2701 3148 1982 4325 752 2733 4908
1399 4074 753 276 245 4332 4502 1731 2446 313 2666 2305 3236 4051 2073 2560 98 3521 4564 356
689 550 4956 1353 705 1489 2263 2402 2402 4163 9 589 3224 4212 1645 3563 2368 2136 731 40
3200 3523 4678 4101 2326 3425 845 4419 1794 1651 348 3383 4758 4361 2263 586 4623 2720 3439 1870
137 2058 2370 3836 2032 769 2278 1313 969 4842 510 1702 4330 3325 1178 1408 180 3540 3164 333
4019 2149 2401 1598 1787 715 2591 3358 2212 2985 4607 754 48 526 1728 4099 4471 4362 3887 1914
3187 3514 4496 2921 3984 2032 3216 1604 4581 59 130 764 4152 3785 1254 1376 1598 3587 4027 1787
1625 99 417 1678 4051 2442 311 163 3416 417 3831 4529 71 3243 492 173 1481 183 373 2237
1019 3393 24 630 2181 4844 2289 3835 996 4076 1038 41 15 4271 169 3166 2729 2465 1275 926
4383 24 2657 2286 2904 896 2010 2921 3984 208 2764 3887 173 3930 1459 819 3007 4014 4108 4318
4175 3134 1059 1275 3439 2371 2152 4732 999 4019 4289 1154 4243 1903 1584 1371 4000 3782 2528 130
3103 719 3344 3869 3672 2306 304 2531 2436 4893 3200 1275 4103 1071 1728 3358 2402 3628 3829 390
4391 1118 1546 3789 1688 245 2693 3303 3439 4900 1605 2464 1287 4101 548 2737 279 2500 68 602
2612 4915 2834 2758 4175 506 3619 1413 2068 2370 3428 3926 4881 304 2560 165 4363 4758 3119 2951
4350 80 1732 1345 1575 384 2696 2486 3491 396 2729 4268 2005 2265 1158 2281 827 2058 3738 1453
72 3784 4151 2402 4842 135 4391 1261 2457 2000 4861 4037 4099 306 1981 2943 471 2612 745 1215
2657 2695 3200 24 4342 2248 2661 2545 2760 586 2433 2306 3334 4758 4395 4842 1407 4593 3427 188
3918 3607 599 4151 3063 4289 4504 1780 1888 1888 2436 242 508 4889 1897 4909 3656 4332 720 2058
2342 4353 4855 1785 4716 4238 3887 4078 3133 1667 4127 3617 525 2013 2205 2057 1438 1966 682 1946
1972 1182 3502 2533 631 3009 198 2013 3481 356 758 3978 3142 1251 3067 3501 3007 3540 433 1602
2844 2612 3811 3967 2185 1964 2656 1419 1814 396 3158 2286 2359 2352 4455 1870 1792 911 3998 243
2764 4101 4758 3261 1512 743 3134 4939 2001 2681 1854 1671 3200 4538 2000 3692 2951 4076 2504 818
4664 1753 228 3285 1942 2842 4792 1545 1521 4051 3427 1106 928 2371 4455 1933 2642 1823 2106 731
137 3938 696 3348 4832 1431 4433 71 2212 3694 4495 3607 4055 720 3927 1260 3913 4478 1728 3694
4031 315 1423 2263 593 4571 1462 2350 468 3134 3744 1106 3981 3661 283 3874 3822 3171 1853 408
2845 4317 3238 3161 646 1435 4656 1834 2804 1771 4023 3554 390 18 3305 2601 832 12 1447 1707
1671 4816 4898 3309 523 4881 2786 3226 2711 4753 3731 3967 3200 4695 4710 4019 2728 725 1785 2707
40 4004 684 2098 4464 1837 2452 278 2669 1409 2534 1522 4837 1920 2160 4785 1838 4656 1742 2067
3514 765 3279 31 4052 1343 327 4055 780 3158 4175 3572 247 4512 4323 3285 3234 1019 4777 3607
4528 164 2644 3660 2402 1897 1143 1271 1581 2502 4152 245 2205 1576 2831 1022 2628 210 2436 3231
4538 4286 3976 3831 2586 3523 1897 1415 454 3735 3509 2263 1250 4656 3280 2921 694 2268 825 3631
40 278 2655 313 3285 682 1951 3683 4220 90 642 1691 1057 2084 2821 3202 641 2978 3119 825
1099 2415 1884 4010 4377 1368 2420 949 3517 9 2015 1682 315 1518 938 3285 4383 2789 3234 3874
4240 4215 4956 1603 4302 4834 1514 1146 4686 1465 1859 2926 4587 4151 4127 1088 3401 3984 2865 586
4903 4915 1989 480 2650 1971 1466 2109 217 3598 417 1040 3158 1323 1462 3566 1154 4908 503 2942
4243 2431 4392 1888 3782 4008 998 2452 1529 4596 1797 2947 2473 2347 3156 4071 4479 4432 3786 3044
2556 2322 4660 815 3035 3017 2920 183 4342 360 728 1813 214 2451 4686 2548 2281 1450 3099 2631
2976 4127 3984 3134 1209 3081 3873 315 2644 2865 4342 3869 3883 4062 4912 4508 283 305 1881 3291
4700 3940 1703 3134 1462 2237 4803 2 3337 361 2641 4144 396 499 2191 107 1466 1891 1740 2667
689 4998 2550 1290 4505 2181 2760 4852 1883 4110 3630 2128 4096 2237 1585 2695 2720 4423 2887 882
1097 4674 385 3173 3350 384 1838 4756 2610 882 753 4325 3948 2940 719 3481 825 4197 1560 4908
3730 364 304 1722 4909 47 688 3380 1529 4738 4695 2058 4735 4976 1416 2705 4852 477 3006 3514
1537 670 2013 2921 3695 4406 3803 882 4538 4241 719 1096 4730 4323 2545 2457 523 600 3606 4526
1071 790 1686 3350 3656 2209 3468 3430 4432 649 2185 4664 504 2472 1006 3072 1182 3869 1629 477
1858 2821 825 3940 1413 3285 518 4809 2748 2166 3134 4519 4063 646 880 4909 1622 3811 4259 4736
1489 3874 2347 2884 3717 1250 578 4596 4103 278 2785 2249 1240 4389 2126 4279 297 841 1069 2249
1787 4099 2889 4478 4875 4081 4181 3887 2359 2135 4163 4268 3057 3067 135 1578 2642 1994 3366 2922
4926 23 3284 3281 3823 2472 111 2191 152 4120 1584 3494 3822 2663 185 3906 4152 1168 2106 2888
2200 1250 2947 1728 1813 4152 1029 3254 3874 3634 4803 1086 552 2073 2465 1982 2578 3338 4538 1880
2231 939 4629 1077 4210 799 2265 1757 878 4847 506 1461 2865 1182 3930 2030 1296 4048 741 624
3463 3094 163 1488 4163 2770 4581 2531 4538 3424 833 586 1952 1971 2705 1731 382 1883 1228 4637
696 1180 3637 3504 3887 233 1800 4682 47 1017 716 1462 209 2052 4902 825 3401 3930 64 2179
4453 3238 3512 998 250 2926 1884 4055 1182 2504 356 1671 2472 721 3606 861 1154 4686 1725 2944
1557 1088 1597 768 4575 2733 4426 4241 586 4656 3315 2623 1787 1888 2672 783 2600 4852 3692 267
4332 989 3349 4323 4518 4197 3863 396 2568 4626 4480 1036 3166 3607 4423 3380 1707 1682 719 3637
1972 4156 3842 3563 1286 705 3961 518 2361 1787 4694 1116 3681 2591 2290 756 4648 3099 4957 4763
213 209 938 3873 1827 4207 1787 409 4908 3240 1022 730 1381 3035 294 1800 291 2204 4392 395
2528 646 4234 2495 503 1597 4274 4998 2015 719 221 3940 2624 173 1548 560 4055 1182 4564 2872
4284 3523 4895 2244 2089 384 2416 2186 4094 4328 2657 2058 1839 4673 1307 3514 4451 2274 173 2325
2146 1096 505 989 173 136 4581 384 2762 2779 2985 4800 71 1088 1141 731 3942 2371 1275 2472
2965 48 3829 1730 173 1084 702 4623 4768 119 332 279 278 4014 1740 1177 1585 2436 4033 4055
2427 848 68 1397 2672 3042 3829 379 3253 2890 3872 4123 2963 1524 305 3044 617 1785 1728 466
4564 1209 2719 2612 1504 2428 3994 4055 3984 3984 3043 3682 1414 954 4766 3773 1453 2939 1987 954
292 2098 2739 640 1416 2860 3566 1388 503 218 2523 3504 3409 789 498 4664 1892 1619 319 2465
838 4127 2831 2814 1290 4990 1376 2802 139 4420 4423 1290 1376 4852 1650 1888 4855 331 3592 3231
292 1972 703 799 3607 4998 4809 1545 2160 173 1465 2723 367 3802 4855 4703 3783 1223 2068 4852
1859 1671 137 3267 480 4332 3378 1529 4658 2414 3108 372 3811 570 2274 1870 2890 3303 4202 1613
2859 360 3948 976 356 4116 4310 1036 1793 2454 3548 1814 2265 674 1575 775 2085 1796 823 1930
1465 1824 4065 1881 385 4208 2650 4646 3265 3280 4514 4903 4127 506 2961 3727 1545 4261 2057 2338
695 695 913 2371 1200 1787 1728 4102 1664 3204 2762 606 2436 2352 1221 4711 2139 1943 1359 2415
719 518 598 825 223 2851 2444 1295 3511 3207 609 4267 4423 1622 646 4241 3043 3984 3247 1276
1622 4091 4000 2595 99 4105 3786 428 3502 938 2426 4019 4768 742 3215 2672 1884 2278 1693 3922
3954 2343 4000 3368 1742 1262 3067 447 2136 4127 4538 2665 2961 3780 2656 2108 4549 2147 3500 2977
1698 508 1552 1905 157 4471 719 1933 2644 2894 1667 4055 909 2205 2306 1127 278 3643 3617 4086
3730 186 1242 776 3285 1550 2947 4423 173 551 1981 787 4544 4215 2221 4998 4514 3455 2316 1637
2528 449 2084 4607 2921 250 4326 864 4203 2821 4338 245 4686 3098 2365 675 4696 1131 1740 4832
4972 4347 715 2032 4270 361 2191 2068 2902 3560 4321 2733 586 578 1188 4019 944 4302 3979 90
4284 1648 775 3940 560 4207 4735 508 3619 1054 2359 245 2536 1771 2041 2357 2865 491 119 2537
838 1153 4004 40 2829 3224 1837 2748 2535 1459 646 552 1987 2114 1350 4581 1834 4869 586 3739
163 4163 3694 2212 4783 86 3115 4695 922 3167 3502 631 1646 3887 2010 1888 1598 4929 1295 1787
1154 1162 3166 2760 245 1266 110 247 3405 3052 3494 2090 331 4585 3256 4796 2377 3309 1396 4293
1414 3241 3300 719 3315 3790 742 3730 1107 1739 2894 4319 925 1534 3216 1796 4144 4268 825 546
3629 1413 2789 3158 1989 1647 4767 2457 3604 3120 3430 3804 1781 1960 688 4469 1545 1865 2085 3303
4571 3782 1787 2599 2123 3315 304 3041 1671 4152 1752 646 3437 3214 1376 2211 1972 2512 2955 4210
3560 2397 4998 1002 2968 696 3938 2278 798 1223 4560 4163 3977 642 3291 597 3607 2608 2631 3607
4549 4946 1827 493 325 261 3984 1682 4502 4317 3786 3523 2120 3455 623 208 2205 4175 2136 1160
3607 4879 4108 3349 825 3056 3158 4127 4572 1419 2106 3072 3089 4809 164 1813 735 306 2519 2778
3705 10 2292 1578 348 381 1168 3517 4435 2202 2015 839 2656 2523 1381 4318 2865 1086 1209 4090
1005 1619 1560 2956 1229 794 1230 3908 2969 368 3636 1933 1040 4246 3285 3829 4577 2531 1088 761
3094 621 3429 3224 356 4583 1597 2483 1254 3472 2375 3909 778 1054 128 4168 1795 1230 245 1866
1055 4383 4255 2436 2123 4451 3100 2502 1201 572 2332 4127 4342 4538 3798 4188 2650 1754 490 3607
838 3230 758 2452 1972 2084 464 1994 2758 2219 136 764 1692 1664 1883 1514 1755 4738 1017 3349
2947 2264 1989 3563 4440 4373 2911 4225 2760 764 2462 3333 1620 4411 99 92 923 2939 2343 1152
2657 299 4809 1707 687 3739 331 138 4151 1368 3334 356 4515 725 3863 3473 4260 3164 2644 404
2231 3158 753 154 1605 4194 3265 734 3981 4972 4544 2504 3887 3887 2615 3115 926 3618 4960 1209
3352 1309 2371 237 1309 4929 3043 3285 3874 3592 4293 2415 1059 1757 2278 1216 2970 752 1750 3667
1063 1985 1088 3462 2819 90 1994 1547 908 1014 2974 1290 4426 1803 4726 2451 2535 1951 3460 938
